-180 1
-178 18
-176 184
-174 1366
-172 8137
-170 40936
-168 179509
-166 700610
-164 2470462
-162 7958754
-160 23631934
-158 65143422
-156 167733762
-154 405589542
-152 925500300
-150 2001802446
-148 4120996882
-146 8105181222
-144 15282906970
-142 27714241034
-140 48473006615
-138 81988355804
-136 134436433035
-134 214185439902
-132 332267264985
-130 502903208752
-128 744020072312
-126 1077862513512
-124 1531549323872
-122 2137814260544
-120 2935604367297
-118 3971003329946
-116 5297821485232
-114 6978684719918
-112 9085502155778
-110 11700582575070
-108 14916727535608
-106 18838336565482
-104 23580732273328
-102 29271333061582
-100 36047954062848
-98 44060359240470
-96 53466907262651
-94 64437712947172
-92 77148129039371
-90 91785018228362
-88 108535430073614
-86 127597860066714
-84 149162912718546
-82 173433255131614
-80 200592341605115
-78 230836213821248
-76 264327863090299
-74 301245503883586
-72 341715122458893
-70 385884739637456
-68 433828758548332
-66 485652349131604
-64 541361328622767
-62 601009541778446
-60 664516588437081
-58 731877462213180
-56 802913148106925
-54 877552308961522
-52 955506232261383
-50 1036639653127396
-48 1120543802335133
-46 1207022797849974
-44 1295549098613878
-42 1385870915278602
-40 1477343287505259
-38 1569678638334432
-36 1662119337534727
-34 1754365720013942
-32 1845564886816983
-30 1935416201122528
-28 2022999610171624
-26 2108044868616688
-24 2189570730464270
-22 2267381541909540
-20 2340466023283841
-18 2408702319734398
-16 2471102307787732
-14 2527653473753558
-12 2577394358096754
-10 2620450726348062
-8 2655929497870658
-6 2684078692081750
-4 2704114553475696
-2 2716434305022310
0 2720354327802002
2 2716434305022310
4 2704114553475696
6 2684078692081750
8 2655929497870658
10 2620450726348062
12 2577394358096754
14 2527653473753558
16 2471102307787732
18 2408702319734398
20 2340466023283841
22 2267381541909540
24 2189570730464270
26 2108044868616688
28 2022999610171624
30 1935416201122528
32 1845564886816983
34 1754365720013942
36 1662119337534727
38 1569678638334432
40 1477343287505259
42 1385870915278602
44 1295549098613878
46 1207022797849974
48 1120543802335133
50 1036639653127396
52 955506232261383
54 877552308961522
56 802913148106925
58 731877462213180
60 664516588437081
62 601009541778446
64 541361328622767
66 485652349131604
68 433828758548332
70 385884739637456
72 341715122458893
74 301245503883586
76 264327863090299
78 230836213821248
80 200592341605115
82 173433255131614
84 149162912718546
86 127597860066714
88 108535430073614
90 91785018228362
92 77148129039371
94 64437712947172
96 53466907262651
98 44060359240470
100 36047954062848
102 29271333061582
104 23580732273328
106 18838336565482
108 14916727535608
110 11700582575070
112 9085502155778
114 6978684719918
116 5297821485232
118 3971003329946
120 2935604367297
122 2137814260544
124 1531549323872
126 1077862513512
128 744020072312
130 502903208752
132 332267264985
134 214185439902
136 134436433035
138 81988355804
140 48473006615
142 27714241034
144 15282906970
146 8105181222
148 4120996882
150 2001802446
152 925500300
154 405589542
156 167733762
158 65143422
160 23631934
162 7958754
164 2470462
166 700610
168 179509
170 40936
172 8137
174 1366
176 184
178 18
180 1
