-264 1
-262 22
-260 270
-258 2390
-256 16906
-254 100834
-252 524083
-250 2426464
-248 10165925
-246 38995010
-244 138201335
-242 455849052
-240 1407811604
-238 4091562348
-236 11239976758
-234 29299597912
-232 72727109756
-230 172446099784
-228 391747231730
-226 854931368276
-224 1796882462045
-222 3645696442042
-220 7155607594015
-218 13613781204352
-216 25151963592706
-214 45202311674568
-212 79145266549761
-210 135206181931434
-208 225664533818745
-206 368447094921216
-204 589178551388545
-202 923769976254750
-200 1421618029669774
-198 2149500981573238
-196 3196233664570147
-194 4678178391600304
-192 6745653472281744
-190 9590369171056696
-188 13453895565191259
-186 18637360799987578
-184 25512316620504458
-182 34533077678979026
-180 46250342455802202
-178 61326563593206570
-176 80552617427632330
-174 104866501556854362
-172 135373156413726122
-170 173366572310756814
-168 220352505558035095
-166 278073814606560704
-164 348535361561926290
-162 434032123680382108
-160 537175129437779236
-158 660921837064771540
-156 808601318807345722
-154 983946670956658876
-152 1191117042359648881
-150 1434731999013686758
-148 1719887346111466761
-146 2052192033826354852
-144 2437772797471863028
-142 2883315667512537212
-140 3396053046074715081
-138 3983811526919807830
-136 4654974687487645442
-134 5418540940696427802
-132 6284049996628134175
-130 7261660058247524668
-128 8362023771813272593
-126 9596393130649509950
-124 10976431753361038439
-122 12514361317608785024
-120 14222685322885220915
-118 16114406061768823194
-116 18202627992971816018
-114 20500871721325204086
-112 23022531636626824190
-110 25781320449175682210
-108 28790531956974393501
-106 32063681923681402000
-104 35613509955763700059
-102 39452878844402206742
-100 43593461348976149763
-98 48046969355173617068
-96 52823435072221221719
-94 57932890318426850270
-92 63383128078228340895
-90 69181940171039354096
-88 75334273111587610823
-86 81845138586463921330
-84 88716022232088459427
-82 95948655605724628136
-80 103540497843192829187
-78 111489542872842631210
-76 119788728480211661190
-74 128431953207637346370
-72 137407209551998498092
-70 146704047512997327126
-68 156305227369148536256
-66 166195823703367058378
-64 176353197897800561274
-62 186757985820540650838
-60 197382137327693917908
-58 208202045023627147534
-56 219184431804909545157
-54 230301799911988560768
-52 241515993132891607887
-50 252796174993761042838
-48 264099834106513357446
-46 275393471800442383770
-44 286630948505763925239
-42 297776973428288141036
-40 308782602731441615089
-38 319611733505204859986
-36 330213607005522285919
-34 340552384951612262112
-32 350576615982552107748
-30 360251808344260137092
-28 369527020369627852500
-26 378370237291086832420
-24 386732180535137239363
-22 394584515513352262038
-20 401880807369653939917
-18 408597350123608066108
-16 414691760834117709262
-14 420145933035845257636
-12 424922488031966022112
-10 429009722299617036692
-8 432376176551945346368
-6 435017082471358855692
-4 436907676747136399845
-2 438050580214285894858
0 438428144280120071934
2 438050580214285894858
4 436907676747136399845
6 435017082471358855692
8 432376176551945346368
10 429009722299617036692
12 424922488031966022112
14 420145933035845257636
16 414691760834117709262
18 408597350123608066108
20 401880807369653939917
22 394584515513352262038
24 386732180535137239363
26 378370237291086832420
28 369527020369627852500
30 360251808344260137092
32 350576615982552107748
34 340552384951612262112
36 330213607005522285919
38 319611733505204859986
40 308782602731441615089
42 297776973428288141036
44 286630948505763925239
46 275393471800442383770
48 264099834106513357446
50 252796174993761042838
52 241515993132891607887
54 230301799911988560768
56 219184431804909545157
58 208202045023627147534
60 197382137327693917908
62 186757985820540650838
64 176353197897800561274
66 166195823703367058378
68 156305227369148536256
70 146704047512997327126
72 137407209551998498092
74 128431953207637346370
76 119788728480211661190
78 111489542872842631210
80 103540497843192829187
82 95948655605724628136
84 88716022232088459427
86 81845138586463921330
88 75334273111587610823
90 69181940171039354096
92 63383128078228340895
94 57932890318426850270
96 52823435072221221719
98 48046969355173617068
100 43593461348976149763
102 39452878844402206742
104 35613509955763700059
106 32063681923681402000
108 28790531956974393501
110 25781320449175682210
112 23022531636626824190
114 20500871721325204086
116 18202627992971816018
118 16114406061768823194
120 14222685322885220915
122 12514361317608785024
124 10976431753361038439
126 9596393130649509950
128 8362023771813272593
130 7261660058247524668
132 6284049996628134175
134 5418540940696427802
136 4654974687487645442
138 3983811526919807830
140 3396053046074715081
142 2883315667512537212
144 2437772797471863028
146 2052192033826354852
148 1719887346111466761
150 1434731999013686758
152 1191117042359648881
154 983946670956658876
156 808601318807345722
158 660921837064771540
160 537175129437779236
162 434032123680382108
164 348535361561926290
166 278073814606560704
168 220352505558035095
170 173366572310756814
172 135373156413726122
174 104866501556854362
176 80552617427632330
178 61326563593206570
180 46250342455802202
182 34533077678979026
184 25512316620504458
186 18637360799987578
188 13453895565191259
190 9590369171056696
192 6745653472281744
194 4678178391600304
196 3196233664570147
198 2149500981573238
200 1421618029669774
202 923769976254750
204 589178551388545
206 368447094921216
208 225664533818745
210 135206181931434
212 79145266549761
214 45202311674568
216 25151963592706
218 13613781204352
220 7155607594015
222 3645696442042
224 1796882462045
226 854931368276
228 391747231730
230 172446099784
232 72727109756
234 29299597912
236 11239976758
238 4091562348
240 1407811604
242 455849052
244 138201335
246 38995010
248 10165925
250 2426464
252 524083
254 100834
256 16906
258 2390
260 270
262 22
264 1
