-72 1
-70 10
-68 62
-66 286
-64 1072
-62 3390
-60 9294
-58 22546
-56 48959
-54 96552
-52 174424
-50 292656
-48 459209
-46 683794
-44 970422
-42 1335318
-40 1780304
-38 2337022
-36 2987422
-34 3781874
-32 4654528
-30 5685446
-28 6742330
-26 7980266
-24 9158280
-22 10557090
-20 11793578
-18 13269542
-16 14426647
-14 15872152
-12 16815736
-10 18128416
-8 18763176
-6 19782396
-4 19988588
-2 20678636
0 20438752
2 20678636
4 19988588
6 19782396
8 18763176
10 18128416
12 16815736
14 15872152
16 14426647
18 13269542
20 11793578
22 10557090
24 9158280
26 7980266
28 6742330
30 5685446
32 4654528
34 3781874
36 2987422
38 2337022
40 1780304
42 1335318
44 970422
46 683794
48 459209
50 292656
52 174424
54 96552
56 48959
58 22546
60 9294
62 3390
64 1072
66 286
68 62
70 10
72 1