-144 1
-142 16
-140 147
-138 984
-136 5294
-134 24052
-132 95159
-130 334504
-128 1060035
-126 3061364
-124 8129499
-122 19996972
-120 45866691
-118 98681244
-116 200267313
-114 385327536
-112 706274533
-110 1238400804
-108 2085374893
-106 3384373572
-104 5311244006
-102 8084507060
-100 11970630233
-98 17286759264
-96 24407913808
-94 33769377688
-92 45878039448
-90 61308641392
-88 80724934016
-86 104855350264
-84 134534340097
-82 170636137668
-80 214153394047
-78 266063131728
-76 327478234034
-74 399412460236
-72 483040828306
-70 579336310756
-68 689495687137
-66 814356845276
-64 955085951294
-62 1112288498076
-60 1287002098419
-58 1479473208440
-56 1690555989106
-54 1919910836352
-52 2168155159970
-50 2434263871576
-48 2718508553900
-46 3019153286072
-44 3336135512261
-42 3666814241932
-40 4010940107532
-38 4364921102740
-36 4728251307170
-34 5096499160556
-32 5469087669599
-30 5840620453988
-28 6210679810007
-26 6573157946428
-24 6927746502166
-22 7267965140320
-20 7593766169035
-18 7898318593140
-16 8182398357283
-14 8438900359500
-12 8669317135058
-10 8866670614224
-8 9033373728195
-6 9162877283480
-4 9258566287112
-2 9314562573980
0 9334928996024
2 9314562573980
4 9258566287112
6 9162877283480
8 9033373728195
10 8866670614224
12 8669317135058
14 8438900359500
16 8182398357283
18 7898318593140
20 7593766169035
22 7267965140320
24 6927746502166
26 6573157946428
28 6210679810007
30 5840620453988
32 5469087669599
34 5096499160556
36 4728251307170
38 4364921102740
40 4010940107532
42 3666814241932
44 3336135512261
46 3019153286072
48 2718508553900
50 2434263871576
52 2168155159970
54 1919910836352
56 1690555989106
58 1479473208440
60 1287002098419
62 1112288498076
64 955085951294
66 814356845276
68 689495687137
70 579336310756
72 483040828306
74 399412460236
76 327478234034
78 266063131728
80 214153394047
82 170636137668
84 134534340097
86 104855350264
88 80724934016
90 61308641392
92 45878039448
94 33769377688
96 24407913808
98 17286759264
100 11970630233
102 8084507060
104 5311244006
106 3384373572
108 2085374893
110 1238400804
112 706274533
114 385327536
116 200267313
118 98681244
120 45866691
122 19996972
124 8129499
126 3061364
128 1060035
130 334504
132 95159
134 24052
136 5294
138 984
140 147
142 16
144 1