-220 1
-218 20
-216 225
-214 1832
-212 11945
-210 65736
-208 315358
-206 1347484
-204 5207539
-202 18412352
-200 60094764
-198 182364980
-196 517647824
-194 1381501056
-192 3482272486
-190 8324101732
-188 18940477478
-186 41163130720
-184 85716270844
-182 171522040132
-180 330706825897
-178 615884176996
-176 1110370382674
-174 1942007636952
-172 3301278561748
-170 5464295205888
-168 8821214769377
-166 13910376158832
-164 21458544422064
-162 32427201093112
-160 48065419484865
-158 69968791880308
-156 100145889341561
-154 141090597783920
-152 195864138066114
-150 268181760761388
-148 362513880600350
-146 484185978892824
-144 639502616055173
-142 835855012260932
-140 1081869744886229
-138 1387509783516736
-136 1764250697474396
-134 2225149734578420
-132 2785054300336584
-130 3460608845236516
-128 4270506497474212
-126 5235388864305288
-124 6378181437926316
-122 7723817503664472
-120 9299705970132029
-118 11135219332001948
-116 13262345701528996
-114 15714825917369348
-112 18529128129248054
-110 21743039842454688
-108 25397106852075521
-106 29532528364602260
-104 34193238877549812
-102 39422788662636716
-100 45267469474807770
-98 51771776285959160
-96 58982916515084806
-94 66944565766984764
-92 75703170083630789
-90 85299347675040184
-88 95776909470649960
-86 107171025683460508
-84 119520578306446192
-82 132852758002793232
-80 147199384860430502
-78 162576690173748112
-76 179007329468182896
-74 196493962508845864
-72 215047682021885220
-70 234655153271378284
-68 255314255058774251
-66 276992891731569848
-64 299674634591891210
-62 323307031639170116
-60 347857801727653614
-58 373253376786470476
-56 399445846778866883
-54 426339073102102324
-52 453870863295812307
-50 481923124080886608
-48 510419754655380200
-46 539222717499951388
-44 568244544453312419
-42 597328272478111644
-40 626378745835505068
-38 655223363724996504
-36 683762035813814938
-34 711811088970897750
-32 739270025898917617
-30 765947446529088286
-28 791747879659269747
-26 816477390565731664
-24 840049237515635494
-22 862273154105775832
-20 883075840403610111
-18 902274873472349220
-16 919816004085634839
-14 935529462113704464
-12 949382992194156202
-10 961224950964875708
-8 971048341638928294
-6 978723347701381944
-4 984270260337802295
-2 987584777531835136
0 988715214005806664
2 987584777531835136
4 984270260337802295
6 978723347701381944
8 971048341638928294
10 961224950964875708
12 949382992194156202
14 935529462113704464
16 919816004085634839
18 902274873472349220
20 883075840403610111
22 862273154105775832
24 840049237515635494
26 816477390565731664
28 791747879659269747
30 765947446529088286
32 739270025898917617
34 711811088970897750
36 683762035813814938
38 655223363724996504
40 626378745835505068
42 597328272478111644
44 568244544453312419
46 539222717499951388
48 510419754655380200
50 481923124080886608
52 453870863295812307
54 426339073102102324
56 399445846778866883
58 373253376786470476
60 347857801727653614
62 323307031639170116
64 299674634591891210
66 276992891731569848
68 255314255058774251
70 234655153271378284
72 215047682021885220
74 196493962508845864
76 179007329468182896
78 162576690173748112
80 147199384860430502
82 132852758002793232
84 119520578306446192
86 107171025683460508
88 95776909470649960
90 85299347675040184
92 75703170083630789
94 66944565766984764
96 58982916515084806
98 51771776285959160
100 45267469474807770
102 39422788662636716
104 34193238877549812
106 29532528364602260
108 25397106852075521
110 21743039842454688
112 18529128129248054
114 15714825917369348
116 13262345701528996
118 11135219332001948
120 9299705970132029
122 7723817503664472
124 6378181437926316
126 5235388864305288
128 4270506497474212
130 3460608845236516
132 2785054300336584
134 2225149734578420
136 1764250697474396
138 1387509783516736
140 1081869744886229
142 835855012260932
144 639502616055173
146 484185978892824
148 362513880600350
150 268181760761388
152 195864138066114
154 141090597783920
156 100145889341561
158 69968791880308
160 48065419484865
162 32427201093112
164 21458544422064
166 13910376158832
168 8821214769377
170 5464295205888
172 3301278561748
174 1942007636952
176 1110370382674
178 615884176996
180 330706825897
182 171522040132
184 85716270844
186 41163130720
188 18940477478
190 8324101732
192 3482272486
194 1381501056
196 517647824
198 182364980
200 60094764
202 18412352
204 5207539
206 1347484
208 315358
210 65736
212 11945
214 1832
216 225
218 20
220 1
