-84 1
-82 12
-80 85
-78 440
-76 1831
-74 6392
-72 19264
-70 50964
-68 120364
-66 256516
-64 499859
-62 899908
-60 1516669
-58 2413608
-56 3660864
-54 5329064
-52 7504848
-50 10265772
-48 13713501
-46 17927456
-44 23024240
-42 29035796
-40 36090620
-38 44129228
-36 53276852
-34 63349772
-32 74482223
-30 86330952
-28 99091667
-26 112275224
-24 126126617
-22 140025548
-20 154127712
-18 167613592
-16 180925592
-14 193163000
-12 204714168
-10 214539784
-8 223450091
-6 230150328
-4 235414352
-2 238234852
0 239501544
2 238234852
4 235414352
6 230150328
8 223450091
10 214539784
12 204714168
14 193163000
16 180925592
18 167613592
20 154127712
22 140025548
24 126126617
26 112275224
28 99091667
30 86330952
32 74482223
34 63349772
36 53276852
38 44129228
40 36090620
42 29035796
44 23024240
46 17927456
48 13713501
50 10265772
52 7504848
54 5329064
56 3660864
58 2413608
60 1516669
62 899908
64 499859
66 256516
68 120364
70 50964
72 19264
74 6392
76 1831
78 440
80 85
82 12
84 1