-112 1
-110 14
-108 114
-106 678
-104 3244
-102 13086
-100 45851
-98 142204
-96 395920
-94 1000688
-92 2317555
-90 4959654
-88 9884928
-86 18486198
-84 32665001
-82 54880392
-80 88129444
-78 136013812
-76 202637529
-74 292792774
-72 411700677
-70 565535404
-68 760791516
-66 1005140348
-64 1306444444
-62 1673431196
-60 2114523436
-58 2638897936
-56 3254128680
-54 3968105760
-52 4786575980
-50 5715607432
-48 6756737048
-46 7916053540
-44 9189543968
-42 10581100548
-40 12080882655
-38 13690912258
-36 15390784915
-34 17182132104
-32 19035479108
-30 20950598448
-28 22890179824
-26 24855308076
-24 26794756549
-22 28721306826
-20 30570626892
-18 32357758926
-16 34015381523
-14 35567378132
-12 36936110824
-10 38161840304
-8 39164203523
-6 39985245394
-4 40554426035
-2 40928797868
0 41028773632
2 40928797868
4 40554426035
6 39985245394
8 39164203523
10 38161840304
12 36936110824
14 35567378132
16 34015381523
18 32357758926
20 30570626892
22 28721306826
24 26794756549
26 24855308076
28 22890179824
30 20950598448
32 19035479108
34 17182132104
36 15390784915
38 13690912258
40 12080882655
42 10581100548
44 9189543968
46 7916053540
48 6756737048
50 5715607432
52 4786575980
54 3968105760
56 3254128680
58 2638897936
60 2114523436
62 1673431196
64 1306444444
66 1005140348
68 760791516
70 565535404
72 411700677
74 292792774
76 202637529
78 136013812
80 88129444
82 54880392
84 32665001
86 18486198
88 9884928
90 4959654
92 2317555
94 1000688
96 395920
98 142204
100 45851
102 13086
104 3244
106 678
108 114
110 14
112 1