-60 1
-58 10
-56 60
-54 262
-52 915
-50 2644
-48 6493
-46 13886
-44 26287
-42 44984
-40 71196
-38 106500
-36 151233
-34 208298
-32 277143
-30 360016
-28 455825
-26 565586
-24 686572
-22 817378
-20 954768
-18 1098210
-16 1239175
-14 1383296
-12 1509252
-10 1637528
-8 1737804
-6 1825464
-4 1882711
-2 1929666
0 1930474
2 1929666
4 1882711
6 1825464
8 1737804
10 1637528
12 1509252
14 1383296
16 1239175
18 1098210
20 954768
22 817378
24 686572
26 565586
28 455825
30 360016
32 277143
34 208298
36 151233
38 106500
40 71196
42 44984
44 26287
46 13886
48 6493
50 2644
52 915
54 262
56 60
58 10
60 1