-200 1
-198 18
-196 186
-194 1406
-192 8574
-190 44362
-188 200894
-186 812846
-184 2982288
-182 10031806
-180 31206158
-178 90398362
-176 245281939
-174 626506312
-172 1513026100
-170 3468488160
-168 7574620589
-166 15810210290
-164 31636208718
-162 60858082054
-160 112839142217
-158 202139715432
-156 350637334880
-154 590182339912
-152 965784314201
-150 1539377072842
-148 2394054565162
-146 3638937205846
-144 5414323975166
-142 7897758972218
-140 11309941914782
-138 15922427065742
-136 22063993440553
-134 30130858636056
-132 40592341709672
-130 54005263963640
-128 71015956137929
-126 92381872617182
-124 118963915664550
-122 151761621547210
-120 191884129168006
-118 240611784793438
-116 299326843056082
-114 369623386477938
-112 453165672549424
-110 551887677456026
-108 667722436741450
-106 802959675805974
-104 959763063419067
-102 1140783024757520
-100 1348340927433468
-98 1585449633925544
-96 1854469457023981
-94 2158770407459726
-92 2500591584735514
-90 2883646756293498
-88 3309828328808985
-86 3783193038722856
-84 4304987877042888
-82 4879628474692880
-80 5507363624864233
-78 6192992387396678
-76 6935358194395446
-74 7739747502754418
-72 8603100118230237
-70 9531350036081164
-68 10519006526393664
-66 11572867596086116
-64 12684443777523418
-62 13861679443186164
-60 15092457248712256
-58 16386316458857620
-56 17726865408535610
-54 19125652479170416
-52 20561475283648028
-50 22048503013912880
-48 23560098333406204
-46 25113663776484636
-44 26676683026539172
-42 28270537189019768
-40 29856372395080994
-38 31460160646860808
-36 33036547878487640
-34 34616829127479612
-32 36149032042633704
-30 37670193736305382
-28 39121906025624326
-26 40547681029214452
-24 41882757251755840
-22 43177137170812724
-20 44360615956864730
-18 45489857451144010
-16 46489787800224746
-14 47423273592271094
-12 48211607073544506
-10 48923735005564824
-8 49478161096031597
-6 49948711393155206
-4 50252843858995936
-2 50468742681387044
0 50513758347744354
2 50468742681387044
4 50252843858995936
6 49948711393155206
8 49478161096031597
10 48923735005564824
12 48211607073544506
14 47423273592271094
16 46489787800224746
18 45489857451144010
20 44360615956864730
22 43177137170812724
24 41882757251755840
26 40547681029214452
28 39121906025624326
30 37670193736305382
32 36149032042633704
34 34616829127479612
36 33036547878487640
38 31460160646860808
40 29856372395080994
42 28270537189019768
44 26676683026539172
46 25113663776484636
48 23560098333406204
50 22048503013912880
52 20561475283648028
54 19125652479170416
56 17726865408535610
58 16386316458857620
60 15092457248712256
62 13861679443186164
64 12684443777523418
66 11572867596086116
68 10519006526393664
70 9531350036081164
72 8603100118230237
74 7739747502754418
76 6935358194395446
78 6192992387396678
80 5507363624864233
82 4879628474692880
84 4304987877042888
86 3783193038722856
88 3309828328808985
90 2883646756293498
92 2500591584735514
94 2158770407459726
96 1854469457023981
98 1585449633925544
100 1348340927433468
102 1140783024757520
104 959763063419067
106 802959675805974
108 667722436741450
110 551887677456026
112 453165672549424
114 369623386477938
116 299326843056082
118 240611784793438
120 191884129168006
122 151761621547210
124 118963915664550
126 92381872617182
128 71015956137929
130 54005263963640
132 40592341709672
134 30130858636056
136 22063993440553
138 15922427065742
140 11309941914782
142 7897758972218
144 5414323975166
146 3638937205846
148 2394054565162
150 1539377072842
152 965784314201
154 590182339912
156 350637334880
158 202139715432
160 112839142217
162 60858082054
164 31636208718
166 15810210290
168 7574620589
170 3468488160
172 1513026100
174 626506312
176 245281939
178 90398362
180 31206158
182 10031806
184 2982288
186 812846
188 200894
190 44362
192 8574
194 1406
196 186
198 18
200 1
