-128 1
-126 14
-124 116
-122 710
-120 3525
-118 14868
-116 54860
-114 180460
-112 536595
-110 1457750
-108 3648816
-106 8476270
-104 18388448
-102 37470142
-100 72087492
-98 131593822
-96 228935309
-94 381237148
-92 610026268
-90 941762956
-88 1407536668
-86 2044448932
-84 2894295148
-82 4007690348
-80 5438967669
-78 7255932122
-76 9525418496
-74 12334938634
-72 15756387145
-70 19897225356
-68 24821678372
-66 30658782844
-64 37448088399
-62 45346338594
-60 54342900644
-58 64641227418
-56 76143667627
-54 89115690064
-52 103332066992
-50 119151333176
-48 136159699725
-46 154849327806
-44 174550907300
-42 195958793694
-40 218061663960
-38 241816706482
-36 265802311508
-34 291328188842
-32 316486736511
-30 343009805332
-28 368425126924
-26 395042684716
-24 419711925084
-22 445339880712
-20 468147686204
-18 491719914836
-16 511593554327
-14 531994575910
-12 547862198176
-10 564168948746
-8 575280505543
-6 586618084764
-4 592256028524
-2 598162333316
0 598093729680
2 598162333316
4 592256028524
6 586618084764
8 575280505543
10 564168948746
12 547862198176
14 531994575910
16 511593554327
18 491719914836
20 468147686204
22 445339880712
24 419711925084
26 395042684716
28 368425126924
30 343009805332
32 316486736511
34 291328188842
36 265802311508
38 241816706482
40 218061663960
42 195958793694
44 174550907300
46 154849327806
48 136159699725
50 119151333176
52 103332066992
54 89115690064
56 76143667627
58 64641227418
60 54342900644
62 45346338594
64 37448088399
66 30658782844
68 24821678372
70 19897225356
72 15756387145
74 12334938634
76 9525418496
78 7255932122
80 5438967669
82 4007690348
84 2894295148
86 2044448932
88 1407536668
90 941762956
92 610026268
94 381237148
96 228935309
98 131593822
100 72087492
102 37470142
104 18388448
106 8476270
108 3648816
110 1457750
112 536595
114 180460
116 54860
118 14868
120 3525
122 710
124 116
126 14
128 1