-288 1
-286 22
-284 272
-282 2438
-280 17531
-278 106640
-276 566892
-274 2691464
-272 11591058
-270 45807204
-268 167617996
-266 572003492
-264 1831149063
-262 5526394006
-260 15790418532
-258 42873363974
-256 110982026888
-254 274711398990
-252 651978311968
-250 1487307642574
-248 3268713795490
-246 6935644460554
-244 14236087750340
-242 28319700787858
-240 54692203425746
-238 102705669258326
-236 187819947888144
-234 334942643391758
-232 583235823016539
-230 992867539270680
-228 1654275218478660
-226 2700604636488696
-224 4324062911380371
-222 6797022474430410
-220 10498738375959676
-218 15948670166409074
-216 23847309453185954
-214 35125689052990998
-212 51004373442996112
-210 73063466134610726
-208 103324042439417484
-206 144343396018643694
-204 199323408750419972
-202 272236436994267558
-200 367965202616915406
-198 492465624647497406
-196 652942376620195532
-194 858056032568568630
-192 1118136684753352596
-190 1445444061615729330
-188 1854417720297204908
-186 2362000545654598818
-184 2987916835648896953
-182 3755073200429908048
-180 4689843783456649000
-178 5822570172655998448
-176 7187814779653648377
-174 8824995177068087290
-172 10778540451830308964
-170 13098720626610613970
-168 15841599905897906412
-166 19070164503766842210
-164 22853909048823630440
-162 27270428489223957882
-160 32404389388351031174
-158 38349849279927428958
-156 45208235895353119452
-154 53091801191613426910
-152 62120055611450334348
-150 72424950012179188998
-148 84144985133530632656
-146 97432989897128825966
-144 112446770495979259442
-142 129360758270471080486
-140 148351634095603206080
-138 169615580403657276614
-136 193346784155299864195
-134 219762689387340972476
-132 249072499063563004152
-130 281513729226028344188
-128 317306886198935123771
-126 356707574464620578102
-124 399942522195654544224
-122 447282786099327455550
-120 498954665132496079258
-118 555241308606851679138
-116 616360462042788679292
-114 682603370304466441650
-112 754169467263459646730
-110 831353695325669851786
-108 914325758527558380844
-106 1003379760841971238314
-104 1098642856394344438191
-102 1200403520019735473112
-100 1308732326684373350764
-98 1423908022997629558120
-96 1545929085413693636156
-94 1675061012152113236924
-92 1811214251460746314568
-90 1954638480449038532724
-88 2105139595727341810255
-86 2262950363696766615902
-84 2427755331908263891144
-82 2599771510930706090526
-80 2778545780853166454433
-78 2964281596711744862020
-76 3156373346948522748620
-74 3355016452655614393044
-72 3559438156901517161710
-70 3769833492329784575200
-68 3985250831438474254532
-66 4205895088447767371224
-64 4430626109784606013948
-62 4659670969307400939936
-60 4891694280606616740260
-58 5126961420281800144528
-56 5363937945005734287475
-54 5602943350036414090302
-52 5842245521524492942216
-50 6082237864791337872430
-48 6320993499520047710898
-46 6558998644754448922314
-44 6794141130202011075700
-42 7027020986192466003578
-40 7255352237132170135883
-38 7479867084901774369048
-36 7698123485215350485052
-34 7911005881881356243392
-32 8115935586950552407346
-30 8313962676335320253596
-28 8502397815754899472220
-26 8682473343786128193452
-24 8851413409384748328647
-22 9010639482543469907842
-20 9157321918660842286152
-18 9293079003603599966978
-16 9415056024592682687272
-14 9525065712873309284866
-12 9620263097202269979588
-10 9702655356558398834066
-8 9769435491156240389970
-6 9822791427847157338674
-4 9859989338659497044964
-2 9883388126281897408106
0 9890352144644744217866
2 9883388126281897408106
4 9859989338659497044964
6 9822791427847157338674
8 9769435491156240389970
10 9702655356558398834066
12 9620263097202269979588
14 9525065712873309284866
16 9415056024592682687272
18 9293079003603599966978
20 9157321918660842286152
22 9010639482543469907842
24 8851413409384748328647
26 8682473343786128193452
28 8502397815754899472220
30 8313962676335320253596
32 8115935586950552407346
34 7911005881881356243392
36 7698123485215350485052
38 7479867084901774369048
40 7255352237132170135883
42 7027020986192466003578
44 6794141130202011075700
46 6558998644754448922314
48 6320993499520047710898
50 6082237864791337872430
52 5842245521524492942216
54 5602943350036414090302
56 5363937945005734287475
58 5126961420281800144528
60 4891694280606616740260
62 4659670969307400939936
64 4430626109784606013948
66 4205895088447767371224
68 3985250831438474254532
70 3769833492329784575200
72 3559438156901517161710
74 3355016452655614393044
76 3156373346948522748620
78 2964281596711744862020
80 2778545780853166454433
82 2599771510930706090526
84 2427755331908263891144
86 2262950363696766615902
88 2105139595727341810255
90 1954638480449038532724
92 1811214251460746314568
94 1675061012152113236924
96 1545929085413693636156
98 1423908022997629558120
100 1308732326684373350764
102 1200403520019735473112
104 1098642856394344438191
106 1003379760841971238314
108 914325758527558380844
110 831353695325669851786
112 754169467263459646730
114 682603370304466441650
116 616360462042788679292
118 555241308606851679138
120 498954665132496079258
122 447282786099327455550
124 399942522195654544224
126 356707574464620578102
128 317306886198935123771
130 281513729226028344188
132 249072499063563004152
134 219762689387340972476
136 193346784155299864195
138 169615580403657276614
140 148351634095603206080
142 129360758270471080486
144 112446770495979259442
146 97432989897128825966
148 84144985133530632656
150 72424950012179188998
152 62120055611450334348
154 53091801191613426910
156 45208235895353119452
158 38349849279927428958
160 32404389388351031174
162 27270428489223957882
164 22853909048823630440
166 19070164503766842210
168 15841599905897906412
170 13098720626610613970
172 10778540451830308964
174 8824995177068087290
176 7187814779653648377
178 5822570172655998448
180 4689843783456649000
182 3755073200429908048
184 2987916835648896953
186 2362000545654598818
188 1854417720297204908
190 1445444061615729330
192 1118136684753352596
194 858056032568568630
196 652942376620195532
198 492465624647497406
200 367965202616915406
202 272236436994267558
204 199323408750419972
206 144343396018643694
208 103324042439417484
210 73063466134610726
212 51004373442996112
214 35125689052990998
216 23847309453185954
218 15948670166409074
220 10498738375959676
222 6797022474430410
224 4324062911380371
226 2700604636488696
228 1654275218478660
230 992867539270680
232 583235823016539
234 334942643391758
236 187819947888144
238 102705669258326
240 54692203425746
242 28319700787858
244 14236087750340
246 6935644460554
248 3268713795490
250 1487307642574
252 651978311968
254 274711398990
256 110982026888
258 42873363974
260 15790418532
262 5526394006
264 1831149063
266 572003492
268 167617996
270 45807204
272 11591058
274 2691464
276 566892
278 106640
280 17531
282 2438
284 272
286 22
288 1