-162 1
-160 16
-158 149
-156 1020
-154 5649
-152 26572
-150 109417
-148 402336
-146 1340175
-144 4087400
-142 11512179
-140 30150692
-138 73868008
-136 170167012
-134 370332876
-132 764608796
-130 1503587089
-128 2826256540
-126 5095088065
-124 8836374888
-122 14786172440
-120 23936291608
-118 37586211736
-116 57385969088
-114 85397963297
-112 124129641280
-110 176625639829
-108 246472495148
-106 337962508473
-104 456013312980
-102 606470937081
-100 795804586856
-98 1031694188096
-96 1322244630804
-94 1677180024212
-92 2106107804104
-90 2620891238372
-88 3232228304060
-86 3954231154320
-84 4797925519968
-82 5779794068584
-80 6910075498788
-78 8207756984452
-76 9680658098616
-74 11350659181116
-72 13220848420568
-70 15316640508740
-68 17633551414616
-66 20201397398500
-64 23004519148556
-62 26078968347096
-60 29392984977496
-58 32991445543712
-56 36821642286304
-54 40939956878048
-52 45267761268216
-50 49877821222784
-48 54658643091556
-46 59705183180668
-44 64867601698912
-42 70267731442140
-40 75711835209420
-38 81355945168512
-36 86955263814440
-34 92707796725415
-32 98315056788172
-30 104021283505407
-28 109472126718828
-26 114964052306146
-24 120084509144184
-22 125189014351522
-20 129806696992948
-18 134351358552296
-16 138301512734160
-14 142127835090680
-12 145263154697260
-10 148233705852212
-8 150435644917420
-6 152439142495080
-4 153620233889548
-2 154582759211874
0 154695043052752
2 154582759211874
4 153620233889548
6 152439142495080
8 150435644917420
10 148233705852212
12 145263154697260
14 142127835090680
16 138301512734160
18 134351358552296
20 129806696992948
22 125189014351522
24 120084509144184
26 114964052306146
28 109472126718828
30 104021283505407
32 98315056788172
34 92707796725415
36 86955263814440
38 81355945168512
40 75711835209420
42 70267731442140
44 64867601698912
46 59705183180668
48 54658643091556
50 49877821222784
52 45267761268216
54 40939956878048
56 36821642286304
58 32991445543712
60 29392984977496
62 26078968347096
64 23004519148556
66 20201397398500
68 17633551414616
70 15316640508740
72 13220848420568
74 11350659181116
76 9680658098616
78 8207756984452
80 6910075498788
82 5779794068584
84 4797925519968
86 3954231154320
88 3232228304060
90 2620891238372
92 2106107804104
94 1677180024212
96 1322244630804
98 1031694188096
100 795804586856
102 606470937081
104 456013312980
106 337962508473
108 246472495148
110 176625639829
112 124129641280
114 85397963297
116 57385969088
118 37586211736
120 23936291608
122 14786172440
124 8836374888
126 5095088065
128 2826256540
130 1503587089
132 764608796
134 370332876
136 170167012
138 73868008
140 30150692
142 11512179
144 4087400
146 1340175
148 402336
150 109417
152 26572
154 5649
156 1020
158 149
160 16
162 1
