-242 1
-240 20
-238 227
-236 1876
-234 12472
-232 70252
-230 346124
-228 1523612
-226 6083758
-224 22286404
-222 75561470
-220 238790124
-218 707489057
-216 1974933632
-214 5216417551
-212 13086375032
-210 31287312561
-208 71508800860
-206 156684016899
-204 329988904852
-202 669630661695
-200 1312217926808
-198 2488368326945
-196 4575076612216
-194 8170273849633
-192 14195616026996
-190 24034264293723
-188 39710185568684
-186 64116302730808
-184 101296775204356
-182 156791364025060
-180 238043442141324
-178 354883344743007
-176 520079965194632
-174 749985751232257
-172 1065246562897136
-170 1491637327524257
-168 2060940033048668
-166 2812012955354731
-164 3791831688167612
-162 5056853590966057
-160 6674177661008428
-158 8723295152840587
-156 11297237422669536
-154 14504862999626610
-152 18471714687226712
-150 23343107883620278
-148 29284194573551608
-146 36484332690218243
-144 45155478709202260
-142 55538752032315073
-140 67899702021585084
-138 82538611703591390
-136 99780402217361224
-134 119991227943066530
-132 143559459269380636
-130 170922752601756888
-128 202534611750437440
-126 238908300671879712
-124 280560997544634292
-122 328083845669620884
-120 382051892060235656
-118 443134229586176932
-116 511952711168669300
-114 589251685059352808
-112 675682294854726704
-110 772058915433863480
-108 879037014244204612
-106 997493337560225562
-104 1128055010712160692
-102 1271651911276273090
-100 1428841789616899348
-98 1600598216483240557
-96 1787359890965790292
-94 1990135187410428407
-92 2209186540604772288
-90 2445549765264627961
-88 2699244194833205032
-86 2971331276379097239
-84 3261512913040814908
-82 3570878035112975506
-80 3898732666948098076
-78 4246202498350090186
-76 4612113187259321116
-74 4997648920129740308
-72 5401067471903153044
-70 5823642578787540128
-68 6262980251124705196
-66 6720485391737133253
-64 7193029309849010380
-62 7682206891450467583
-60 8184074606704714080
-58 8700486489026699719
-56 9226620155602930528
-54 9764663988194523257
-52 10308865685879584612
-50 10861837787164715924
-48 11416852754694923856
-46 11977047706304387196
-44 12534703678355929644
-42 13093571582752184665
-40 13644946624190116828
-38 14193292980161684347
-36 14728938753257811800
-34 15257154378471027570
-32 15767353866339724476
-30 16265678834433717194
-28 16740713692529954288
-26 17199530814428011392
-24 17629977644768311016
-22 18040102877323350360
-20 18417139148334216544
-18 18770106478780266594
-16 19085781508818975000
-14 19374132520762791254
-12 19621635589666174576
-10 19839166078397403470
-8 20013068703895788896
-6 20155029525301962058
-4 20251459257747007424
-2 20314739759505230792
0 20331515774123408384
2 20314739759505230792
4 20251459257747007424
6 20155029525301962058
8 20013068703895788896
10 19839166078397403470
12 19621635589666174576
14 19374132520762791254
16 19085781508818975000
18 18770106478780266594
20 18417139148334216544
22 18040102877323350360
24 17629977644768311016
26 17199530814428011392
28 16740713692529954288
30 16265678834433717194
32 15767353866339724476
34 15257154378471027570
36 14728938753257811800
38 14193292980161684347
40 13644946624190116828
42 13093571582752184665
44 12534703678355929644
46 11977047706304387196
48 11416852754694923856
50 10861837787164715924
52 10308865685879584612
54 9764663988194523257
56 9226620155602930528
58 8700486489026699719
60 8184074606704714080
62 7682206891450467583
64 7193029309849010380
66 6720485391737133253
68 6262980251124705196
70 5823642578787540128
72 5401067471903153044
74 4997648920129740308
76 4612113187259321116
78 4246202498350090186
80 3898732666948098076
82 3570878035112975506
84 3261512913040814908
86 2971331276379097239
88 2699244194833205032
90 2445549765264627961
92 2209186540604772288
94 1990135187410428407
96 1787359890965790292
98 1600598216483240557
100 1428841789616899348
102 1271651911276273090
104 1128055010712160692
106 997493337560225562
108 879037014244204612
110 772058915433863480
112 675682294854726704
114 589251685059352808
116 511952711168669300
118 443134229586176932
120 382051892060235656
122 328083845669620884
124 280560997544634292
126 238908300671879712
128 202534611750437440
130 170922752601756888
132 143559459269380636
134 119991227943066530
136 99780402217361224
138 82538611703591390
140 67899702021585084
142 55538752032315073
144 45155478709202260
146 36484332690218243
148 29284194573551608
150 23343107883620278
152 18471714687226712
154 14504862999626610
156 11297237422669536
158 8723295152840587
160 6674177661008428
162 5056853590966057
164 3791831688167612
166 2812012955354731
168 2060940033048668
170 1491637327524257
172 1065246562897136
174 749985751232257
176 520079965194632
178 354883344743007
180 238043442141324
182 156791364025060
184 101296775204356
186 64116302730808
188 39710185568684
190 24034264293723
192 14195616026996
194 8170273849633
196 4575076612216
198 2488368326945
200 1312217926808
202 669630661695
204 329988904852
206 156684016899
208 71508800860
210 31287312561
212 13086375032
214 5216417551
216 1974933632
218 707489057
220 238790124
222 75561470
224 22286404
226 6083758
228 1523612
230 346124
232 70252
234 12472
236 1876
238 227
240 20
242 1
