-98 1
-96 12
-94 87
-92 468
-90 2046
-88 7588
-86 24558
-84 70580
-82 182813
-80 430944
-78 933615
-76 1872448
-74 3504985
-72 6161492
-70 10248455
-68 16212404
-66 24573022
-64 35843820
-62 50699702
-60 69721420
-58 93892262
-56 123813052
-54 160808470
-52 205183476
-50 258639375
-48 320531028
-46 393123185
-44 474494112
-42 568014543
-40 669391492
-38 784472153
-36 905179164
-34 1040459281
-32 1177571612
-30 1329447615
-28 1477656496
-26 1640846225
-24 1792406296
-22 1959348331
-20 2105361548
-18 2266453386
-16 2396924684
-14 2543106122
-12 2648447884
-10 2771093257
-8 2843171632
-6 2932985547
-4 2965662400
-2 3016561764
0 3007217496
2 3016561764
4 2965662400
6 2932985547
8 2843171632
10 2771093257
12 2648447884
14 2543106122
16 2396924684
18 2266453386
20 2105361548
22 1959348331
24 1792406296
26 1640846225
28 1477656496
30 1329447615
32 1177571612
34 1040459281
36 905179164
38 784472153
40 669391492
42 568014543
44 474494112
46 393123185
48 320531028
50 258639375
52 205183476
54 160808470
56 123813052
58 93892262
60 69721420
62 50699702
64 35843820
66 24573022
68 16212404
70 10248455
72 6161492
74 3504985
76 1872448
78 933615
80 430944
82 182813
84 70580
86 24558
88 7588
90 2046
92 468
94 87
96 12
98 1