 -861 1                                                 
   -859 41                                                
   -857 860                                               
   -855 12299                                             
   -853 134848                                            
   -851 1208516                                           
   -849 9217866                                           
   -847 61521649                                          
   -845 366624707                                         
  -843 1980976460                                        
  -841 9822684102                                        
  -839 45131469838                                       
  -837 193676694825                                      
  -835 781450953227                                      
  -833 2981168796829                                     
  -831 10804753100301                                    
  -829 37358311880918                                    
  -827 123672795559348                                   
  -825 393238376839063                                   
  -823 1204353073344688                                  
  -821 3561684783038760                                  
  -819 10193761267335877                                 
  -817 28292198487285469                                 
  -815 76285819658866881                                 
  -813 200163174025097598                                
  -811 511849293075109556                                
  -809 1277366908218440488                               
  -807 3114965282011549246                               
  -805 7431201776902839649                               
  -803 17361939015895364757                              
  -801 39764969560435115878                              
  -799 89364442593389133961                              
  -797 197224357631894000716                             
  -795 427791793109935988901                             
  -793 912644437662611796471                             
  -791 1916320273410276607838                            
  -789 3962896437822566299804                            
  -787 8076045559996703140572                            
  -785 16228313550970072638415                           
  -783 32171332289583835101873                           
  -781 62951285161173177006552                           
  -779 121642806541443275404421                          
  -777 232225221937223933678961                          
  -775 438185145892555061638947                          
  -773 817533458780308245016293                          
  -771 1508753146694711055179908                         
  -769 2755194391830622758086517                         
  -767 4980310497770711914346515                         
  -765 8913987915855433510853376                         
  -763 15802782038320533652102057                        
  -761 27756771443101950188629556                        
  -759 48317028507904072291968923                        
  -757 83376505742931572922365001                        
  -755 142662690926578892789103911                       
  -753 242106503840991697811839687                       
  -751 407599111877059254915253162                       
  -749 680906907193010822956253314                       
  -747 1128919199773538347914547235                      
  -745 1858007899852272163654407908                      
  -743 3036177214193273024122314288                      
  -741 4927008919400245931902771358                      
  -739 7941357936701136867582882943                      
  -737 12715598107993660608705674459                     
  -735 20229347559724296582324672067                     
  -733 31981563386770301834467508302                     
  -731 50252451869643075847527662721                     
  -729 78490859141139053484800352247                     
  -727 121884165898680124567048112175                    
  -725 188192246870495171903591225641                    
  -723 288961569862709706681940486344                    
  -721 441283824695312430436437280372                    
  -719 670330791659751123662519850858                    
  -717 1012990528230222631982059650127                   
  -715 1523058872960117345151597507357                   
  -713 2278617494988535579873885477945                   
  -711 3392472316919576318775076804489                   
  -709 5026856829361104588242740986519                   
  -707 7414053737517581047291774313553                   
  -705 10885195360568044375612467862229                  
  -703 15910320668636710886408857618641                  
  -701 23153863542583426330416694179986                  
  -699 33551212613556594211159948210852                  
  -697 48413934843615319946609247347565                  
  -695 69573844589342077150339318932127                  
  -693 99579523437963116284625358566423                  
  -691 141963406418788514837833032913127                 
  -689 201603471930308479601021655282163                 
  -687 285211321470900495339327528735788                 
  -685 401988541295204297779488584055453                 
  -683 564506375929844043400870695510012                 
  -681 789880768347640755668470046391498                 
  -679 1101336814744464977877499866471046                
  -677 1530285006075966169776665094263788                
  -675 2119067996426908725317252857433590                
  -673 2924583195984581090978469522108639                
  -671 4023045915465564691639254003813703                
  -669 5516233430685528175021496390426264                
  -667 7539646342632149340020908437672910                
  -665 10273145125386995314846032696900557               
 -663 13954773141150716386043111432643135               
 -661 18898670498058869894101720815149306               
 -659 25518225571489395443338343694499429               
 -657 34355914624546208130163921869300390               
 -655 46121659209815433546187314935607811               
 -653 61742003559741405859929981887865189               
 -651 82423001459830268236780707633872129               
 -649 109730430236205900441037022197152020              
 -647 145691850084230305000807560349526755              
 -645 192926138221753528581694160240447924              
 -643 254807495339368655483078925937956745              
 -641 335672601970885963979611319277174144              
 -639 441081661261609784344065348702413340              
 -637 578146581872926911398059597305973001              
 -635 755942625687749910221872236737330347              
 -633 986023583176006620438926422494914461              
 -631 1283065079934097203827579204159546902             
 -629 1665666121568639927786415503583076312             
 -627 2157345640999581060518812975443057942             
 -625 2787778847393049737752518451477263522             
 -623 3594327854816161413269131643432218620             
 -621 4623932704053238939599356264060062944             
 -619 5935442850412369485651989656999815547             
 -617 7602485904985290069141586489945728934             
 -615 9716990391552376448966252713661141588             
 -613 12393503106077470021503902414772888869            
 -611 15774470028536405493091980982517254537            
 -609 20036683438565928520828786374177202102            
 -607 25399137857638752787566692108807523885            
 -605 32132584760294977240740731992100991551            
 -603 40571131914525583497593591679389590263            
 -601 51126299169977604215124662884418585840            
 -599 64304020176762316714657219306208195227            
 -597 80725170803537758004362515018805700620            
 -595 101150312133259866600084811088213966664           
 -593 126509461374543208758813616963012619846           
 -591 157937850728394581894327295607646794475           
 -589 196818805500438095466764848013119667911           
 -587 244835072320302305231397494577732113328           
 -585 304030160519982609460603711395167073785           
 -583 376881529418387309991792255206677722664           
 -581 466387767007120645739858868103455895280           
 -579 576172267619120038704765126052966002411           
 -577 710606334698758079099096483668197323983           
 -575 874955117811377325798675393033386252188           
 -573 1075550349587906435079925899197823378725          
 -571 1319994488589622284703243946595579332517          
 -569 1617401609553830599237838424514020894792          
 -567 1978681225993517585740637960539905627950          
 -565 2416872196064991879703193047686811080318          
 -563 2947534967079408048766517717743895415341          
 -561 3589211674980212551535800029005976394668          
 -559 4363965052557940713940700154406504368763          
 -557 5298008736399358987530456038729654625722          
 -555 6422443422309498933704865571435424742395          
 -553 7774115429637221359054702727298629047316          
 -551 9396616626950175028838340560225826228619          
 -549 11341447378413084827999675190682406727634         
 -547 13669367229066174038537243174270638473179         
 -545 16451961498783747762422699126462927209128         
 -543 19773455843893325234396343368696961949233         
 -541 23732815221525061129352731565233249339410         
 -539 28446168608746262889049925231942049771129         
 -537 34049606345513547961716682132167328814669         
 -535 40702403152003102835543795653944777723932         
 -533 48590726787360139906610664209383223650321         
 -531 57931900044987116866666834733260565057002         
 -529 68979292402463624022930450768532651358762         
 -527 82027927252427527748726402564133643042822         
 -525 97420901332114666806734774914698382186020         
 -523 115556724849553836886776901029803826998249        
 -521 136897703987815923488767001747131481395143        
 -519 161979502078199733548509561450915219998177        
 -517 191422031901023854474365707485955250341243        
 -515 225941849440675848269489588258678646750155        
 -513 266366239141726870254956049630192331830635        
 -511 313649202447719580813352636861127930735819        
 -509 368889585327016845581465729569978458539477        
 -507 433351606785416977112841368878285034070270        
 -505 508488079229199080869601839056707839711138        
 -503 595966643182782818925035235636946744001699        
 -501 697699373502249540723900051529270360149430        
 -499 815876152091788697571086477022424433608721        
 -497 953002243469265048163134472161978379973788        
 -495 1111940554596498260837433559279104390939405       
 -493 1295959109458806217797509221174215889488498       
 -491 1508784322228402369819739418027255065224557       
 -489 1754660710770852991378617244497773568466437       
 -487 2038417755058121636643375934174217751269627       
 -485 2365544673052043222494904307358682552623174       
 -483 2742273960145213835141121661875262503937754       
 -481 3175674617628876413774191354315247988859528       
 -479 3673756081244914081605978248229316845193195       
 -477 4245583953024788890956387739861333301213908       
 -475 4901408738681928176603847848091554740973425       
 -473 5652808899170413019826413578374967115798361       
 -471 6512849639019924503273674956518538356849072       
 -469 7496258976074207731607404683071570045439734       
 -467 8619622767666513738568964585608697925817984       
 -465 9901600507426103746312261951711688647774739       
 -463 11363163855184650781003673384756324063925546      
 -461 13027860020191194714156409147207527635189418      
 -459 14922102285388175119961351847470914575523943      
 -457 17075490138172494240420095605435022664221832      
 -455 19521161661168807188645494645784128884745094      
 -453 22296181035358210901993030644474364355500687      
 -451 25441964217687382369836841187576414536102027      
 -449 29004746076251740236980669315248666380053735      
 -447 33036092498484674477589334651909635065858149      
 -445 37593461231633866928333537397762122777095528      
 -443 42740815470257427915837289842327460223024090      
 -441 48549294472564983166392980955503783160973633      
 -439 55097945766139538313897825462831730644216194      
 -437 62474523793815664156798130764884008575295960      
 -435 70776360152095501448546870930002503993561559      
 -433 80111310887213065910360859113106704416296509      
 -431 90598786637478586641967790664467354176139799      
 -429 102370871744422550869588521032502676170393715     
 -427 115573538798985917226901776952664035463532025     
 -425 130367965441930974728240057368053754385844505     
 -423 146931960599021560360152074379914389848923991     
 -421 165461507700461805566139980651512111610799807     
 -419 186172432809576686010757362284332132932603721     
 -417 209302205966612754650907234512472540990771589     
 -415 235111884438533480400310543968146138467004003     
 -413 263888206953325968826185513512224166998114103     
 -411 295945848386008459883776761778177054620549241     
 -409 331629844751446897014148818843411447897166185     
 -407 371318198744296034806283643139252815141115731     
 -405 415424676446738387317832985955822875363590919     
 -403 464401806197880610136204010737247305777382556     
 -401 518744090982170544360603770568962340696656482     
 -399 578991446045315569215107557921130763080225186     
 -397 645732873782015422275006290171008771362867463     
 -395 719610388257274711101467517147146346917649881     
 -393 801323202018838897121060438965184643580517292     
 -391 891632188128912487928305268559184513634982315     
 -389 991364630585084137467650803494194780597034737     
 -387 1101419276509422725171200252174767931849565830    
 -385 1222771703656955990803326569167371053518083466    
 -383 1356480016925952069886681212100763043291423520    
 -381 1503690887638173549259721538636527713932170492    
 -379 1665645949392978241298439833758561887711273646    
 -377 1843688564280062357620566889427745080383108079    
 -375 2039270973156901685395652970185129795705267531    
 -373 2253961843553541304234029057532018463184804117    
 -371 2489454228554203062205568532988056227741579379    
 -369 2747573949717022557815821343984363899328282213    
 -367 3030288416724826559691990058788585589594577613    
 -365 3339715896005906657454054651942538293591706522    
 -363 3678135240018906401408551436541872699188553856    
 -361 4047996088254897981829462407066723706189333006    
 -359 4451929550267201241530726095952148513187548521    
 -357 4892759380190285296661430351425229113576946881    
 -355 5373513651248090635109853942050715428577426895    
 -353 5897436937674359743962559146980657556885820985    
 -351 6468003010268291198609356925874145578570176256    
 -349 7088928050483481949020917985459793691828871412    
 -347 7764184386492405900138370451956065701364873282    
 -345 8498014753078612857185043785261567722429841459    
 -343 9294947075480793519356216521095176761159365372    
 -341 10159809775443617392110989426556211747439620960   
 -339 11097747595717034220326759412811927445424045292   
 -337 12114237937086256932385668850633378839208093187   
 -335 13215107699707184224080056747911545575132897435   
 -333 14406550618065441211657473653560689897785563850   
 -331 15695145076271033309463568511509150131958906635   
 -329 17087872387645037204079957578154989002833952127   
 -327 18592135519650758406008061399451931470155082987   
 -325 20215778242171130891792667958480444714846656028   
 -323 21967104673939431147730461592313103339293089046   
 -321 23854899198595130358202659612252063465710455064   
 -319 25888446718365356783048960056048278897596533005   
 -317 28077553209770408722168679762140572920962898210   
 -315 30432566542025490899706142621533247721812943958   
 -313 32964397514967845281999176939538554665910338405   
 -311 35684541069387303838740024715136439309933106106   
 -309 38605097618588718318541000554235219891882136205   
 -307 41738794445877578558557293443394134705134208954   
 -305 45099007108447439104379133732407454321965558944   
 -303 48699780783872736757722580466711090836598774717   
 -301 52555851491087590774994535171608792293447549967   
 -299 56682667113375816316230460666353910669345307030   
 -297 61096408146526422123321097678072320293081885174   
 -295 65814008090940254733065890587001553711782095179   
 -293 70853173402126303170974340463230101100498222013   
 -291 76232402909720733908659914648713839179778476205   
 -289 81971006610919330965991475317327391822717396688   
 -287 88089123740057075104233595800725105351125034627   
 -285 94607740012020523441527293195044551580156327657   
 -283 101548703933263811881171320538458441237072839248  
 -281 108934742070442746368125735328635510884103965497  
 -279 116789473163109631217949912085768676189018839581  
 -277 125137420963550981394601264221217686538064122411  
 -275 134004025683728485823073615033321187516611718967  
 -273 143415653926428459814178806289126937414462451633  
 -271 153399606975164887492033227698422304038148955907  
 -269 163984127315144641747343576545410168500010187570  
 -267 175198403255719373314755864641337856703661338507  
 -265 187072571523245699852886582939698718902065441035  
 -263 199637717692182397014629563125982571686636392412  
 -261 212925874321598719280085177536912143397487271011  
 -259 226970016664079748361511524808776258064558424400  
 -257 241804055814320171804329256762568140008083027360  
 -255 257462829165523754047611820369400312716352940506  
 -253 273982088043097649875973596955872096181008379744  
 -251 291398482387073171726389389939792582610542527358  
 -249 309749542357220892322689328462619780768942500026  
 -247 329073656737979779724311713675753342615323254185  
 -245 349410048024107475011332828027517861491582093040  
 -243 370798744072400012034418401527830646331839809607  
 -241 393280546209940361599227279400774739563021595736  
 -239 416896993695130030146425804016683116033808547342  
 -237 441690324434247996963628934819397721635940963186  
 -235 467703431863475367560480886127670160325547400121  
 -233 494979817914228305836184810101502301427514832901  
 -231 523563541988259187558430748521930580913122617093  
 -229 553499165878316488793106379465699016435397849926  
 -227 584831694580194424784556358098517788086169134937  
 -225 617606512952747130844081017488407827371464046317  
 -223 651869318193879046984335043488954843575474308806  
 -221 687666048112639314254548826118444343599249132676  
 -219 725042805190325856663013296154188986880689956319  
 -217 764045776436923028884735208586665093140962886192  
 -215 804721149063229986147900745579146525097030340998  
 -213 847115022003656066703935069490789861613547660074  
 -211 891273313339831283851681610844019227559785250290  
 -209 937241663690867333312390542080610102205424670241  
 -207 985065335652266186352627711143976388927584739795  
 -205 1034789109382064267089387983548825179309220614259 
 -203 1086457174449771418256323141788312925967571037354 
 -201 1140113018080962539833100798038477849920654703691 
 -199 1195799309947949416637384659130666570034992509031 
 -197 1253557783674740714806788543640478710514383663625 
 -195 1313429115242425853268229964403491373748236001997 
 -193 1375452798499126595142578907682986309050915471084 
 -191 1439667017996678820546839257080071932099287536728 
 -189 1506108519394163234457739781319218684174422204162 
 -187 1574812477686222304200255391427379997878786002613 
 -185 1645812363531703723743295228410250127634978460051 
 -183 1719139807975478306819528699269103447399427227972 
 -181 1794824465873210795026593309139996817010470122436 
 -179 1872893878345332574012938575473562000191690818551 
 -177 1953373334602391579925940730827272747692134613894 
 -175 2036285733499251892388939780682693014993847806223 
 -173 2121651445190198460480109309161767917865430757468 
 -171 2209488173270785973824831010469520209523703361311 
 -169 2299810817805170433139447836081534433998079450602 
 -167 2392631339649593761778398879525843599460265297907 
 -165 2487958626493573442885945003286509272244579031764 
 -163 2585798361050100061821076100224414730791571052900 
 -161 2686152891834687410485129051993763603462844631143 
 -159 2789021106980376784102419973059650018690614317496 
 -157 2894398311541696724365967678144658987286049041580 
 -155 3002276108745052776011872220374395127470368676487 
 -153 3112642285646003901161628620108094070398193765696 
 -151 3225480703655312584660362532196394895440478609937 
 -149 3340771194395478814349576420643066529267037306266 
 -147 3458489461347633802963392314219578789497641737847 
 -145 3578606987745133025686094648865688658447475584920 
 -143 3701090951164911478960991013208739956533348087962 
 -141 3825904145260615092986270765121247999531190987750 
 -139 3953004909072675836624294225230904395060021590763 
 -137 4082347064339836252581866180457313845761807841906 
 -135 4213879861224141383665332905743879660255510727812 
 -133 4347547932847099404366220204320990499789522514562 
 -131 4483291259018571764094763989219511279113026852912 
 -129 4621045139522002379722162296662658435144976942884 
 -127 4760740177299854733610954571127962534743997928248 
 -125 4902302271861625350481119060703069759197858889135 
 -123 5045652623213580193787818477729410011830339733531 
 -121 5190707746584463666453664871376097926493504186026 
 -119 5337379498194913216249592868516080869894071094620 
 -117 5485575112290239544144467189650214144808402930571 
 -115 5635197249626674927478337894470565573872111407502 
 -113 5786144057570230213438865663728195640948279051040 
 -111 5938309241935022623206777067345048761009582274918 
 -109 6091582150654437410922994501244724422035585994538 
 -107 6245847869343869913486671299768216502969557066191 
 -105 6400987328778171048594297095863594836621132897501 
 -103 6556877424270406120432928772371109233718072292540 
 -101 6713391146901257530530225018400254178317868078923 
 -99  6870397726510486279094832409530809703189415245386 
 -97  7027762786323450065816688326181818701967766970055 
 -95  7185348509046897393608345661349646153838280951674 
 -93  7343013814229261769302506993538551233658658816911 
 -91  7500614546641616105007169685318189899959100984739 
 -89  7658003675396466151111632018447261032475865954906 
 -87  7815031503482817160213239136671278310086597237383 
 -85  7971545887357595763699849334136732677155259814858 
 -83  8127392466195706165834536963842599123614013373617 
 -81  8282414900363903589033676328269012102845796537252 
 -79  8436455118647435513217917885158288642464034994093 
 -77  8589353573723188685917507628746204816089639238093 
 -75  8740949505339041405374391311042340467338383688886 
 -73  8891081210626407936464374137798640225479526195474 
 -71  9039586320941723573522089719774290308098965929488 
 -69  9186302084602999260546521415017613006040359703858 
 -67  9331065654859713509671875833931316229944545692066 
 -65  9473714382408340840457113339145270490248176340938 
 -63  9614086111741868134474172319852898630922582141678 
 -61  9752019480599844340445042567655374587802295013642 
 -59  9887354221765958536246750103498823715047272467894 
 -57  10019931466442951972398145137889349940441065325464
 -55  10149594048419938165241214130333214240338437687479
 -53  10276186808235018858531397112227281361150771825273
 -51  10399556896526520397180526931518684722734989643872
 -49  10519554075759302135994034445780975179436401117766
 -47  10636031019508462603186278801585990563114865897434
 -45  10748843608481435822798701331991127543627661465564
 -43  10857851222460963620541777266565797502362742333258
 -41  10962917027355772349170583697936544592758042689447
 -39  11063908256552984817323266010279050412217354151403
 -37  11160696485776358765888239447027766459574164976697
 -35  11253157900667348315796488004907968812901900865761
 -33  11341173556321708509703460091829533922786604506588
 -31  11424629628032867299255069620540153064554105607995
 -29  11503417652514523896739932469822388241645316062944
 -27  11577434758898835161041361977905854612115372440811
 -25  11646583888833048712441527880870947821356702270012
 -23  11710774005026447366581981250570710509581984931603
 -21  11769920287630887674197303603728355064451517781144
 -19  11823944317871938492973806126559646338380703900431
 -17  11872774248383535894897073141185817327417331415230
 -15  11916344959737040763137556233173885548664629699189
 -13  11954598202695478278971307125806591704837799886748
 -11  11987482725765408541292668563390691879194175908241
 -9   12014954387662171114573516774797102562583344388311
 -7   12036976254349002277781335962497314396955589241732
 -5   12053518680356574375323724926169653873026403694927
 -3   12064559374136678251878461569471546023418761659327
 -1   12070083447251883445035445745339207218984319722494
 1    12070083447251883445035445745339207218984319722494
 3    12064559374136678251878461569471546023418761659327
 5    12053518680356574375323724926169653873026403694927
 7    12036976254349002277781335962497314396955589241732
 9    12014954387662171114573516774797102562583344388311
 11   11987482725765408541292668563390691879194175908241
 13   11954598202695478278971307125806591704837799886748
 15   11916344959737040763137556233173885548664629699189
 17   11872774248383535894897073141185817327417331415230
 19   11823944317871938492973806126559646338380703900431
 21   11769920287630887674197303603728355064451517781144
 23   11710774005026447366581981250570710509581984931603
 25   11646583888833048712441527880870947821356702270012
 27   11577434758898835161041361977905854612115372440811
 29   11503417652514523896739932469822388241645316062944
 31   11424629628032867299255069620540153064554105607995
 33   11341173556321708509703460091829533922786604506588
 35   11253157900667348315796488004907968812901900865761
 37   11160696485776358765888239447027766459574164976697
 39   11063908256552984817323266010279050412217354151403
 41   10962917027355772349170583697936544592758042689447
 43   10857851222460963620541777266565797502362742333258
 45   10748843608481435822798701331991127543627661465564
 47   10636031019508462603186278801585990563114865897434
 49   10519554075759302135994034445780975179436401117766
 51   10399556896526520397180526931518684722734989643872
 53   10276186808235018858531397112227281361150771825273
 55   10149594048419938165241214130333214240338437687479
 57   10019931466442951972398145137889349940441065325464
 59   9887354221765958536246750103498823715047272467894 
 61   9752019480599844340445042567655374587802295013642 
 63   9614086111741868134474172319852898630922582141678 
 65   9473714382408340840457113339145270490248176340938 
 67   9331065654859713509671875833931316229944545692066 
 69   9186302084602999260546521415017613006040359703858 
 71   9039586320941723573522089719774290308098965929488 
 73   8891081210626407936464374137798640225479526195474 
 75   8740949505339041405374391311042340467338383688886 
 77   8589353573723188685917507628746204816089639238093 
 79   8436455118647435513217917885158288642464034994093 
 81   8282414900363903589033676328269012102845796537252 
 83   8127392466195706165834536963842599123614013373617 
 85   7971545887357595763699849334136732677155259814858 
 87   7815031503482817160213239136671278310086597237383 
 89   7658003675396466151111632018447261032475865954906 
 91   7500614546641616105007169685318189899959100984739 
 93   7343013814229261769302506993538551233658658816911 
 95   7185348509046897393608345661349646153838280951674 
 97   7027762786323450065816688326181818701967766970055 
 99   6870397726510486279094832409530809703189415245386 
 101  6713391146901257530530225018400254178317868078923 
 103  6556877424270406120432928772371109233718072292540 
 105  6400987328778171048594297095863594836621132897501 
 107  6245847869343869913486671299768216502969557066191 
 109  6091582150654437410922994501244724422035585994538 
 111  5938309241935022623206777067345048761009582274918 
 113  5786144057570230213438865663728195640948279051040 
 115  5635197249626674927478337894470565573872111407502 
 117  5485575112290239544144467189650214144808402930571 
 119  5337379498194913216249592868516080869894071094620 
 121  5190707746584463666453664871376097926493504186026 
 123  5045652623213580193787818477729410011830339733531 
 125  4902302271861625350481119060703069759197858889135 
 127  4760740177299854733610954571127962534743997928248 
 129  4621045139522002379722162296662658435144976942884 
 131  4483291259018571764094763989219511279113026852912 
 133  4347547932847099404366220204320990499789522514562 
 135  4213879861224141383665332905743879660255510727812 
 137  4082347064339836252581866180457313845761807841906 
 139  3953004909072675836624294225230904395060021590763 
 141  3825904145260615092986270765121247999531190987750 
 143  3701090951164911478960991013208739956533348087962 
 145  3578606987745133025686094648865688658447475584920 
 147  3458489461347633802963392314219578789497641737847 
 149  3340771194395478814349576420643066529267037306266 
 151  3225480703655312584660362532196394895440478609937 
 153  3112642285646003901161628620108094070398193765696 
 155  3002276108745052776011872220374395127470368676487 
 157  2894398311541696724365967678144658987286049041580 
 159  2789021106980376784102419973059650018690614317496 
 161  2686152891834687410485129051993763603462844631143 
 163  2585798361050100061821076100224414730791571052900 
 165  2487958626493573442885945003286509272244579031764 
 167  2392631339649593761778398879525843599460265297907 
 169  2299810817805170433139447836081534433998079450602 
 171  2209488173270785973824831010469520209523703361311 
 173  2121651445190198460480109309161767917865430757468 
 175  2036285733499251892388939780682693014993847806223 
 177  1953373334602391579925940730827272747692134613894 
 179  1872893878345332574012938575473562000191690818551 
 181  1794824465873210795026593309139996817010470122436 
 183  1719139807975478306819528699269103447399427227972 
 185  1645812363531703723743295228410250127634978460051 
 187  1574812477686222304200255391427379997878786002613 
 189  1506108519394163234457739781319218684174422204162 
 191  1439667017996678820546839257080071932099287536728 
 193  1375452798499126595142578907682986309050915471084 
 195  1313429115242425853268229964403491373748236001997 
 197  1253557783674740714806788543640478710514383663625 
 199  1195799309947949416637384659130666570034992509031 
 201  1140113018080962539833100798038477849920654703691 
 203  1086457174449771418256323141788312925967571037354 
 205  1034789109382064267089387983548825179309220614259 
 207  985065335652266186352627711143976388927584739795  
 209  937241663690867333312390542080610102205424670241  
 211  891273313339831283851681610844019227559785250290  
 213  847115022003656066703935069490789861613547660074  
 215  804721149063229986147900745579146525097030340998  
 217  764045776436923028884735208586665093140962886192  
 219  725042805190325856663013296154188986880689956319  
 221  687666048112639314254548826118444343599249132676  
 223  651869318193879046984335043488954843575474308806  
 225  617606512952747130844081017488407827371464046317  
 227  584831694580194424784556358098517788086169134937  
 229  553499165878316488793106379465699016435397849926  
 231  523563541988259187558430748521930580913122617093  
 233  494979817914228305836184810101502301427514832901  
 235  467703431863475367560480886127670160325547400121  
 237  441690324434247996963628934819397721635940963186  
 239  416896993695130030146425804016683116033808547342  
 241  393280546209940361599227279400774739563021595736  
 243  370798744072400012034418401527830646331839809607  
 245  349410048024107475011332828027517861491582093040  
 247  329073656737979779724311713675753342615323254185  
 249  309749542357220892322689328462619780768942500026  
 251  291398482387073171726389389939792582610542527358  
 253  273982088043097649875973596955872096181008379744  
 255  257462829165523754047611820369400312716352940506  
 257  241804055814320171804329256762568140008083027360  
 259  226970016664079748361511524808776258064558424400  
 261  212925874321598719280085177536912143397487271011  
 263  199637717692182397014629563125982571686636392412  
 265  187072571523245699852886582939698718902065441035  
 267  175198403255719373314755864641337856703661338507  
 269  163984127315144641747343576545410168500010187570  
 271  153399606975164887492033227698422304038148955907  
 273  143415653926428459814178806289126937414462451633  
 275  134004025683728485823073615033321187516611718967  
 277  125137420963550981394601264221217686538064122411  
 279  116789473163109631217949912085768676189018839581  
 281  108934742070442746368125735328635510884103965497  
 283  101548703933263811881171320538458441237072839248  
 285  94607740012020523441527293195044551580156327657   
 287  88089123740057075104233595800725105351125034627   
 289  81971006610919330965991475317327391822717396688   
 291  76232402909720733908659914648713839179778476205   
 293  70853173402126303170974340463230101100498222013   
 295  65814008090940254733065890587001553711782095179   
 297  61096408146526422123321097678072320293081885174   
 299  56682667113375816316230460666353910669345307030   
 301  52555851491087590774994535171608792293447549967   
 303  48699780783872736757722580466711090836598774717   
 305  45099007108447439104379133732407454321965558944   
 307  41738794445877578558557293443394134705134208954   
 309  38605097618588718318541000554235219891882136205   
 311  35684541069387303838740024715136439309933106106   
 313  32964397514967845281999176939538554665910338405   
 315  30432566542025490899706142621533247721812943958   
 317  28077553209770408722168679762140572920962898210   
 319  25888446718365356783048960056048278897596533005   
 321  23854899198595130358202659612252063465710455064   
 323  21967104673939431147730461592313103339293089046   
 325  20215778242171130891792667958480444714846656028   
 327  18592135519650758406008061399451931470155082987   
 329  17087872387645037204079957578154989002833952127   
 331  15695145076271033309463568511509150131958906635   
 333  14406550618065441211657473653560689897785563850   
 335  13215107699707184224080056747911545575132897435   
 337  12114237937086256932385668850633378839208093187   
 339  11097747595717034220326759412811927445424045292   
 341  10159809775443617392110989426556211747439620960   
 343  9294947075480793519356216521095176761159365372    
 345  8498014753078612857185043785261567722429841459    
 347  7764184386492405900138370451956065701364873282    
 349  7088928050483481949020917985459793691828871412    
 351  6468003010268291198609356925874145578570176256    
 353  5897436937674359743962559146980657556885820985    
 355  5373513651248090635109853942050715428577426895    
 357  4892759380190285296661430351425229113576946881    
 359  4451929550267201241530726095952148513187548521    
 361  4047996088254897981829462407066723706189333006    
 363  3678135240018906401408551436541872699188553856    
 365  3339715896005906657454054651942538293591706522    
 367  3030288416724826559691990058788585589594577613    
 369  2747573949717022557815821343984363899328282213    
 371  2489454228554203062205568532988056227741579379    
 373  2253961843553541304234029057532018463184804117    
 375  2039270973156901685395652970185129795705267531    
 377  1843688564280062357620566889427745080383108079    
 379  1665645949392978241298439833758561887711273646    
 381  1503690887638173549259721538636527713932170492    
 383  1356480016925952069886681212100763043291423520    
 385  1222771703656955990803326569167371053518083466    
 387  1101419276509422725171200252174767931849565830    
 389  991364630585084137467650803494194780597034737     
 391  891632188128912487928305268559184513634982315     
 393  801323202018838897121060438965184643580517292     
 395  719610388257274711101467517147146346917649881     
 397  645732873782015422275006290171008771362867463     
 399  578991446045315569215107557921130763080225186     
 401  518744090982170544360603770568962340696656482     
 403  464401806197880610136204010737247305777382556     
 405  415424676446738387317832985955822875363590919     
 407  371318198744296034806283643139252815141115731     
 409  331629844751446897014148818843411447897166185     
 411  295945848386008459883776761778177054620549241     
 413  263888206953325968826185513512224166998114103     
 415  235111884438533480400310543968146138467004003     
 417  209302205966612754650907234512472540990771589     
 419  186172432809576686010757362284332132932603721     
 421  165461507700461805566139980651512111610799807     
 423  146931960599021560360152074379914389848923991     
 425  130367965441930974728240057368053754385844505     
 427  115573538798985917226901776952664035463532025     
 429  102370871744422550869588521032502676170393715     
 431  90598786637478586641967790664467354176139799      
 433  80111310887213065910360859113106704416296509      
 435  70776360152095501448546870930002503993561559      
 437  62474523793815664156798130764884008575295960      
 439  55097945766139538313897825462831730644216194      
 441  48549294472564983166392980955503783160973633      
 443  42740815470257427915837289842327460223024090      
 445  37593461231633866928333537397762122777095528      
 447  33036092498484674477589334651909635065858149      
 449  29004746076251740236980669315248666380053735      
 451  25441964217687382369836841187576414536102027      
 453  22296181035358210901993030644474364355500687      
 455  19521161661168807188645494645784128884745094      
 457  17075490138172494240420095605435022664221832      
 459  14922102285388175119961351847470914575523943      
 461  13027860020191194714156409147207527635189418      
 463  11363163855184650781003673384756324063925546      
 465  9901600507426103746312261951711688647774739       
 467  8619622767666513738568964585608697925817984       
 469  7496258976074207731607404683071570045439734       
 471  6512849639019924503273674956518538356849072       
 473  5652808899170413019826413578374967115798361       
 475  4901408738681928176603847848091554740973425       
 477  4245583953024788890956387739861333301213908       
 479  3673756081244914081605978248229316845193195       
 481  3175674617628876413774191354315247988859528       
 483  2742273960145213835141121661875262503937754       
 485  2365544673052043222494904307358682552623174       
 487  2038417755058121636643375934174217751269627       
 489  1754660710770852991378617244497773568466437       
 491  1508784322228402369819739418027255065224557       
 493  1295959109458806217797509221174215889488498       
 495  1111940554596498260837433559279104390939405       
 497  953002243469265048163134472161978379973788        
 499  815876152091788697571086477022424433608721        
 501  697699373502249540723900051529270360149430        
 503  595966643182782818925035235636946744001699        
 505  508488079229199080869601839056707839711138        
 507  433351606785416977112841368878285034070270        
 509  368889585327016845581465729569978458539477        
 511  313649202447719580813352636861127930735819        
 513  266366239141726870254956049630192331830635        
 515  225941849440675848269489588258678646750155        
 517  191422031901023854474365707485955250341243        
 519  161979502078199733548509561450915219998177        
 521  136897703987815923488767001747131481395143        
 523  115556724849553836886776901029803826998249        
 525  97420901332114666806734774914698382186020         
 527  82027927252427527748726402564133643042822         
 529  68979292402463624022930450768532651358762         
 531  57931900044987116866666834733260565057002         
 533  48590726787360139906610664209383223650321         
 535  40702403152003102835543795653944777723932         
 537  34049606345513547961716682132167328814669         
 539  28446168608746262889049925231942049771129         
 541  23732815221525061129352731565233249339410         
 543  19773455843893325234396343368696961949233         
 545  16451961498783747762422699126462927209128         
 547  13669367229066174038537243174270638473179         
 549  11341447378413084827999675190682406727634         
 551  9396616626950175028838340560225826228619          
 553  7774115429637221359054702727298629047316          
 555  6422443422309498933704865571435424742395          
 557  5298008736399358987530456038729654625722          
 559  4363965052557940713940700154406504368763          
 561  3589211674980212551535800029005976394668          
 563  2947534967079408048766517717743895415341          
 565  2416872196064991879703193047686811080318          
 567  1978681225993517585740637960539905627950          
 569  1617401609553830599237838424514020894792          
 571  1319994488589622284703243946595579332517          
 573  1075550349587906435079925899197823378725          
 575  874955117811377325798675393033386252188           
 577  710606334698758079099096483668197323983           
 579  576172267619120038704765126052966002411           
 581  466387767007120645739858868103455895280           
 583  376881529418387309991792255206677722664           
 585  304030160519982609460603711395167073785           
 587  244835072320302305231397494577732113328           
 589  196818805500438095466764848013119667911           
 591  157937850728394581894327295607646794475           
 593  126509461374543208758813616963012619846           
 595  101150312133259866600084811088213966664           
 597  80725170803537758004362515018805700620            
 599  64304020176762316714657219306208195227            
 601  51126299169977604215124662884418585840            
 603  40571131914525583497593591679389590263            
 605  32132584760294977240740731992100991551            
 607  25399137857638752787566692108807523885            
 609  20036683438565928520828786374177202102            
 611  15774470028536405493091980982517254537            
 613  12393503106077470021503902414772888869            
 615  9716990391552376448966252713661141588             
 617  7602485904985290069141586489945728934             
 619  5935442850412369485651989656999815547             
 621  4623932704053238939599356264060062944             
 623  3594327854816161413269131643432218620             
 625  2787778847393049737752518451477263522             
 627  2157345640999581060518812975443057942             
 629  1665666121568639927786415503583076312             
 631  1283065079934097203827579204159546902             
 633  986023583176006620438926422494914461              
 635  755942625687749910221872236737330347              
 637  578146581872926911398059597305973001              
 639  441081661261609784344065348702413340              
 641  335672601970885963979611319277174144              
 643  254807495339368655483078925937956745              
 645  192926138221753528581694160240447924              
 647  145691850084230305000807560349526755              
 649  109730430236205900441037022197152020              
 651  82423001459830268236780707633872129               
 653  61742003559741405859929981887865189               
 655  46121659209815433546187314935607811               
 657  34355914624546208130163921869300390               
 659  25518225571489395443338343694499429               
 661  18898670498058869894101720815149306               
 663  13954773141150716386043111432643135               
 665  10273145125386995314846032696900557               
 667  7539646342632149340020908437672910                
 669  5516233430685528175021496390426264                
 671  4023045915465564691639254003813703                
 673  2924583195984581090978469522108639                
 675  2119067996426908725317252857433590                
 677  1530285006075966169776665094263788                
 679  1101336814744464977877499866471046                
 681  789880768347640755668470046391498                 
 683  564506375929844043400870695510012                 
 685  401988541295204297779488584055453                 
 687  285211321470900495339327528735788                 
 689  201603471930308479601021655282163                 
 691  141963406418788514837833032913127                 
 693  99579523437963116284625358566423                  
 695  69573844589342077150339318932127                  
 697  48413934843615319946609247347565                  
 699  33551212613556594211159948210852                  
 701  23153863542583426330416694179986                  
 703  15910320668636710886408857618641                  
 705  10885195360568044375612467862229                  
 707  7414053737517581047291774313553                   
 709  5026856829361104588242740986519                   
 711  3392472316919576318775076804489                   
 713  2278617494988535579873885477945                   
 715  1523058872960117345151597507357                   
 717  1012990528230222631982059650127                   
 719  670330791659751123662519850858                    
 721  441283824695312430436437280372                    
 723  288961569862709706681940486344                    
 725  188192246870495171903591225641                    
 727  121884165898680124567048112175                    
 729  78490859141139053484800352247                     
 731  50252451869643075847527662721                     
 733  31981563386770301834467508302                     
 735  20229347559724296582324672067                     
 737  12715598107993660608705674459                     
 739  7941357936701136867582882943                      
 741  4927008919400245931902771358                      
 743  3036177214193273024122314288                      
 745  1858007899852272163654407908                      
 747  1128919199773538347914547235                      
 749  680906907193010822956253314                       
 751  407599111877059254915253162                       
 753  242106503840991697811839687                       
 755  142662690926578892789103911                       
 757  83376505742931572922365001                        
 759  48317028507904072291968923                        
 761  27756771443101950188629556                        
 763  15802782038320533652102057                        
 765  8913987915855433510853376                         
 767  4980310497770711914346515                         
 769  2755194391830622758086517                         
 771  1508753146694711055179908                         
 773  817533458780308245016293                          
 775  438185145892555061638947                          
 777  232225221937223933678961                          
 779  121642806541443275404421                          
 781  62951285161173177006552                           
 783  32171332289583835101873                           
 785  16228313550970072638415                           
 787  8076045559996703140572                            
 789  3962896437822566299804                            
 791  1916320273410276607838                            
 793  912644437662611796471                             
 795  427791793109935988901                             
 797  197224357631894000716                             
 799  89364442593389133961                              
 801  39764969560435115878                              
 803  17361939015895364757                              
 805  7431201776902839649                               
 807  3114965282011549246                               
 809  1277366908218440488                               
 811  511849293075109556                                
 813  200163174025097598                                
 815  76285819658866881                                 
 817  28292198487285469                                 
 819  10193761267335877                                 
 821  3561684783038760                                  
 823  1204353073344688                                  
 825  393238376839063                                   
 827  123672795559348                                   
 829  37358311880918                                    
 831  10804753100301                                    
 833  2981168796829                                     
 835  781450953227                                      
 837  193676694825                                      
 839  45131469838                                       
 841  9822684102                                        
 843  1980976460                                        
 845  366624707                                         
 847  61521649                                          
 849  9217866                                           
 851  1208516                                           
 853  134848                                            
 855  12299                                             
 857  860                                               
 859  41                                                
 861  1         