-136 1
-134 16
-132 135
-130 799
-128 3723
-126 14536
-124 49436
-122 150349
-120 416687
-118 1067345
-116 2554607
-114 5762643
-112 12337630
-110 25214332
-108 49424984
-106 93299841
-104 170193528
-102 300895513
-100 516904159
-98 864758855
-96 1411630172
-94 2252360038
-92 3518118738
-90 5386799571
-88 8095202359
-86 11952961920
-84 17358056824
-82 24813588893
-80 34945358849
-78 48519584536
-76 66459923964
-74 89862787049
-72 120009760270
-70 158375841778
-68 206632105563
-66 266641396491
-64 340445716250
-62 430244103745
-60 538360048752
-58 667197806395
-56 819187398355
-54 996718584609
-52 1202064650542
-50 1437297455977
-48 1704195807096
-46 2004149807145
-44 2338064382237
-42 2706265628637
-40 3108413953066
-38 3543428146789
-36 4009424522356
-34 4503675031529
-32 5022587866461
-30 5561713426796
-28 6115777727797
-26 6678744355201
-24 7243904978381
-22 7803997261052
-20 8351347811893
-18 8878036654280
-16 9376078624425
-14 9837616188194
-12 10255117450949
-10 10621572665547
-8 10930682353353
-6 11177030260388
-4 11356234779064
-2 11465073163211
0 11501573822788
2 11465073163211
4 11356234779064
6 11177030260388
8 10930682353353
10 10621572665547
12 10255117450949
14 9837616188194
16 9376078624425
18 8878036654280
20 8351347811893
22 7803997261052
24 7243904978381
26 6678744355201
28 6115777727797
30 5561713426796
32 5022587866461
34 4503675031529
36 4009424522356
38 3543428146789
40 3108413953066
42 2706265628637
44 2338064382237
46 2004149807145
48 1704195807096
50 1437297455977
52 1202064650542
54 996718584609
56 819187398355
58 667197806395
60 538360048752
62 430244103745
64 340445716250
66 266641396491
68 206632105563
70 158375841778
72 120009760270
74 89862787049
76 66459923964
78 48519584536
80 34945358849
82 24813588893
84 17358056824
86 11952961920
88 8095202359
90 5386799571
92 3518118738
94 2252360038
96 1411630172
98 864758855
100 516904159
102 300895513
104 170193528
106 93299841
108 49424984
110 25214332
112 12337630
114 5762643
116 2554607
118 1067345
120 416687
122 150349
124 49436
126 14536
128 3723
130 799
132 135
134 16
136 1
