-210 1
-208 20
-206 209
-204 1519
-202 8624
-200 40734
-198 166495
-196 604902
-194 1991637
-192 6029727
-190 16976806
-188 44853151
-186 112016669
-184 266039599
-182 603919164
-180 1315952428
-178 2762629983
-176 5605337934
-174 11022366544
-172 21056764914
-170 39163212165
-168 71048746505
-166 125938520207
-164 218444465922
-162 371273650166
-160 619085883331
-158 1013898401625
-156 1632540346332
-154 2586782028597
-152 4036903542819
-150 6209623185136
-148 9421476169523
-146 14108914730636
-144 20866586668122
-142 30495433754506
-140 44062425344938
-138 62973895217777
-136 89064568503073
-134 124704436190946
-132 172925641424840
-130 237571467879718
-128 323469348911442
-126 436629530065718
-124 584470601333993
-122 776072555727515
-120 1022457316938848
-118 1336895804925009
-116 1735239573337661
-114 2236273862344267
-112 2862087577298200
-110 3638454248718570
-108 4595216481474781
-106 5766664799061800
-104 7191900179192587
-102 8915168014575856
-100 10986149779865026
-98 13460197410374068
-96 16398494372289248
-94 19868126701559053
-92 23942046982350121
-90 28698914395040075
-88 34222794650330192
-86 40602704892097478
-84 47931990535437003
-82 56307523529698178
-80 65828714701460348
-78 76596336619766935
-76 88711157792396770
-74 102272393879727169
-72 117375986909261326
-70 134112729072529798
-68 152566253447915693
-66 172810919759559031
-64 194909628879682354
-62 218911605024217430
-60 244850189288755800
-58 272740692133530226
-56 302578355469655694
-54 334336476955802461
-52 367964749837642265
-50 403387871032479480
-48 440504468093111780
-46 479186392132089074
-44 519278418747561785
-42 560598392508616122
-40 602937842722958088
-38 646063089162164687
-36 689716846344228692
-34 733620324096497043
-32 777475810707669247
-30 820969713318321061
-28 863776018609938107
-26 905560125659238328
-24 945982992356059793
-22 984705527358937905
-20 1021393151482817808
-18 1055720445948315085
-16 1087375800302043596
-14 1116065970224946532
-12 1141520455006938605
-10 1163495606247129190
-8 1181778383340570742
-6 1196189677470110601
-4 1206587134005757421
-2 1212867413232346644
0 1214967840930909302
2 1212867413232346644
4 1206587134005757421
6 1196189677470110601
8 1181778383340570742
10 1163495606247129190
12 1141520455006938605
14 1116065970224946532
16 1087375800302043596
18 1055720445948315085
20 1021393151482817808
22 984705527358937905
24 945982992356059793
26 905560125659238328
28 863776018609938107
30 820969713318321061
32 777475810707669247
34 733620324096497043
36 689716846344228692
38 646063089162164687
40 602937842722958088
42 560598392508616122
44 519278418747561785
46 479186392132089074
48 440504468093111780
50 403387871032479480
52 367964749837642265
54 334336476955802461
56 302578355469655694
58 272740692133530226
60 244850189288755800
62 218911605024217430
64 194909628879682354
66 172810919759559031
68 152566253447915693
70 134112729072529798
72 117375986909261326
74 102272393879727169
76 88711157792396770
78 76596336619766935
80 65828714701460348
82 56307523529698178
84 47931990535437003
86 40602704892097478
88 34222794650330192
90 28698914395040075
92 23942046982350121
94 19868126701559053
96 16398494372289248
98 13460197410374068
100 10986149779865026
102 8915168014575856
104 7191900179192587
106 5766664799061800
108 4595216481474781
110 3638454248718570
112 2862087577298200
114 2236273862344267
116 1735239573337661
118 1336895804925009
120 1022457316938848
122 776072555727515
124 584470601333993
126 436629530065718
128 323469348911442
130 237571467879718
132 172925641424840
134 124704436190946
136 89064568503073
138 62973895217777
140 44062425344938
142 30495433754506
144 20866586668122
146 14108914730636
148 9421476169523
150 6209623185136
152 4036903542819
154 2586782028597
156 1632540346332
158 1013898401625
160 619085883331
162 371273650166
164 218444465922
166 125938520207
168 71048746505
170 39163212165
172 21056764914
174 11022366544
176 5605337934
178 2762629983
180 1315952428
182 603919164
184 266039599
186 112016669
188 44853151
190 16976806
192 6029727
194 1991637
196 604902
198 166495
200 40734
202 8624
204 1519
206 209
208 20
210 1
