-666 1                                         
   -664 36                                        
   -662 665                                       
   -660 8399                                      
   -658 81548                                     
   -656 648870                                    
   -654 4405035                                   
   -652 26229634                                  
   -650 139771903                                 
  -648 676798487                                 
  -646 3013713196                                
  -644 12459957237                               
  -642 48208023941                               
  -640 175693594055                              
  -638 606498724614                              
  -636 1992486365264                             
  -634 6254976819720                             
  -632 18830657260788                            
  -630 54534379879411                            
  -628 152348622638349                           
  -626 411562035416759                           
  -624 1077489983114149                          
  -622 2739228336182771                          
  -620 6774119055295083                          
  -618 16322518772108225                         
  -616 38376756219076311                         
  -614 88161217674291346                         
  -612 198128831226515322                        
  -610 436081568745023848                        
  -608 940997160662704274                        
  -606 1992624677888289007                       
  -604 4144426682978111393                       
  -602 8473493712848491120                       
  -600 17043228582580150287                      
  -598 33747531284260734149                      
  -596 65829683284148061260                      
  -594 126578861864022205933                     
  -592 240056336278305699011                     
  -590 449277790312576848670                     
  -588 830212685863611560234                     
  -586 1515465538690251367501                    
  -584 2733899483875964418398                    
  -582 4876240140754635845798                    
  -580 8602597906085480833300                    
  -578 15016976791621574642362                   
  -576 25947839892524341087342                   
  -574 44395090379275880087811                   
  -572 75235925287178447919783                   
  -570 126330026369980992547664                  
  -568 210235793137521007788861                  
  -566 346854244804965126705322                  
  -564 567470614068499627040927                  
  -562 920886332732678341728784                  
  -560 1482655135692319306994596                 
  -558 2368896735570535324854229                 
  -556 3756815605020236107423327                 
  -554 5914977158678609926251143                 
  -552 9247693059356656313533501                 
  -550 14359682423119231433782804                
  -548 22149696283206797875949537                
  -546 33945273313648991913051495                
  -544 51695574795751477397219925                
  -542 78245776072852737135439736                
  -540 117725363944285964920355693               
  -538 176094684034386809520559365               
  -536 261910217551128260339026935               
  -534 387390667427963837172905396               
  -532 569894714042165111093192107               
  -530 833959469837531487287253266               
  -528 1214099054801894311133406566              
  -526 1758628951954185771762701468              
  -524 2534868490190659431224010737              
  -522 3636186776691291105892128103              
  -520 5191504025682842555051715870              
  -518 7378049758189181539401492115              
  -516 10438423362544380270506811622             
  -514 14703315454257580861328618754             
  -512 20621648304784946468574908163             
  -510 28800402539573601056835678444             
  -508 40057042739511447859060015447             
  -506 55488270195547443515009733110             
  -504 76559858111344070526449390168             
  -502 105223613367324022686343263087            
  -500 144069120790220496019434325972            
  -498 196519934959153763358248937816            
  -496 267086380638480434075551089997            
  -494 361690214022160997183532644008            
  -492 488080212851823737859980481299            
  -490 656362459426052966428928691916            
  -488 879674841848773459103158587747            
  -486 1175042345989457346391092789961           
  -484 1564458304954773279659775436606           
  -482 2076247223492459489196990836726           
  -480 2746777466060440823435450905963           
  -478 3622607417640085989020397138114           
  -476 4763167197806620098873427411665           
  -474 6244100217859225926666293073164           
  -472 8161415501786456986652481371880           
  -470 10636633539202414200569789066714          
 -468 13823146423113699029329821857482          
 -466 17914058211826771315356237014648          
 -464 23151825069159587869460476784925          
 -462 29840078190265312748672756897394          
 -460 38358087427851221809949922453140          
 -458 49178411742706699278735376163438          
 -456 62888386219246490439976867038941          
 -454 80216216805678445707947140407357          
 -452 102062595874505392521017824520141         
 -450 129538917222770023418161050535051         
 -448 164013361705654679105915722080636         
 -446 207166348216859510019460689600295         
 -444 261057103564075954801620227679731         
 -442 328203403826253425746067597547159         
 -440 411676884475401934066247569932845         
 -438 515216712968269155756887340140926         
 -436 643364872396785907718853923795365         
 -434 801626825583007603985278854917957         
 -432 996661923938218775105344779481585         
 -430 1236508603526619527403581669194903        
 -428 1530850182011774604140623070541444        
 -426 1891327945383706668246474041030651        
 -424 2331909204418971300969711230936380        
 -422 2869319120607220047489666713900448        
 -420 3523546363765174975609335226490760        
 -418 4318434083864297651498628215386985        
 -416 5282369274005169715320820520930547        
 -414 6449085387468195367897006164301742        
 -412 7858595068075885346118146217364870        
 -410 9558272079683105818357082852235832        
 -408 11604103998687648014688507745543703       
 -406 14062139985489852741491116476706440       
 -404 17010161000517430397591980879369864       
 -402 20539603202648333197508916739673169       
 -400 24757768988620781174153349973210972       
 -398 29790364228381330187196653152875918       
 -396 35784404751312272524081430088127074       
 -394 42911540070755282151548225880327631       
 -392 51371847728748629968793665655085008       
 -390 61398157529463226139978902917553373       
 -388 73260971338792811730915491805490576       
 -386 87274051089307475969908480985455692       
 -384 103800755174465549153876160446199834      
 -382 123261211573193636419360585865412840      
 -380 146140424844376298913420789385738340      
 -378 172997423597827222549299098824469187      
 -376 204475565209577610625715665049165328      
 -374 241314125428220463281307294177853631      
 -372 284361312136240927414134789670653970      
 -370 334588854903066619879784966358254766      
 -368 393108335108371998505854157845529541      
 -366 461189435333756488463299406260288995      
 -364 540280301421783941007033677826678442      
 -362 632030226080989604299953782150422872      
 -360 738314879164497954360929434659051096      
 -358 861264326751412352180132217473491060      
 -356 1003294098888757530447661651740792804     
 -354 1167139584272802807974068058466571126     
 -352 1355894049217219199592428334968432902     
 -350 1573050597915819435090232716814005267     
 -348 1822548411191739466114758931237327524     
 -346 2108823621552152910376487172687431339     
 -344 2436865203343572330232083372982421523     
 -342 2812276278018541643333912538996205437     
 -340 3241341255855764708025727241151103355     
 -338 3731099256782033231949471223192991509     
 -336 4289424274068486594192161146045191339     
 -334 4925112565441095746321577211173750844     
 -332 5647977776363184583410772992768938014     
 -330 6468954319705262348842742109749703037     
 -328 7400209554484716686678160879200616802     
 -326 8455265323586416133747767601832553445     
 -324 9649129426097514534241866238757102422     
 -322 10998437613819526920336797464918044172    
 -320 12521606713353452381839939036488574326    
 -318 14238999484566897781818770342547643955    
 -316 16173101832906257030321600982456799582    
 -314 18348712996556372408084108144155607844    
 -312 20793149329504232087191324141495422446    
 -310 23536462297748261169600968533503297661    
 -308 26611671297815166251303837416268084352    
 -306 30055011893997075302758376973875842467    
 -304 33906200052890651731147646321634364228    
 -302 38208712930490163555954150197803324432    
 -300 43010086737839735340817447099453809246    
 -298 48362232175669388563871344041529593479    
 -296 54321767886113315045655466475875525577    
 -294 60950372320134430033009933346474135254    
 -292 68315154362267006478864278306991454868    
 -290 76489042989366966493232231837408304464    
 -288 85551196166877189862344095325500622532    
 -286 95587429104349991718833251183821639198    
 -284 106690661901329829684100732835305352523   
 -282 118961386514932829294673176465424652924   
 -280 132508152871355208537213063540601773765   
 -278 147448073824937881950956449059854524728   
 -276 163907348540201217447051078904378457806   
 -274 182021803734393606273784612224223443237   
 -272 201937452070587066558591933799549299896   
 -270 223811066834290382208028990527295338173   
 -268 247810771860099572063998416437643269899   
 -266 274116645499312810700631798849235197796   
 -264 302921337235035080052452383414285580451   
 -262 334430695358511130507086286052048533038   
 -260 368864403919773953651300333633337083864   
 -258 406456626957799886024039098278099969178   
 -256 447456657800943830657282900917355190300   
 -254 492129571008318059850214174896905502024   
 -252 540756874297912969980653182614534772125   
 -250 593637157578684917183504321728606249901   
 -248 651086735972712034384158034201794165980   
 -246 713440283481110909360368785452317134812   
 -244 781051453715091284754665249810232545528   
 -242 854293483882785413363119773068440473246   
 -240 933559777994909914767245451389651670815   
 -238 1019264465029586932127575529795908019123  
 -236 1111842927580548206108099641460408020603  
 -234 1211752296305338145092662805050545525456  
 -232 1319471905292967864709599278892554604687  
 -230 1435503703285770460739488130313776718636  
 -228 1560372615520048588294055149432221579749  
 -226 1694626850796618813075651915075353041303  
 -224 1838838148257710810985407265786756734944  
 -222 1993601958233065001174140937468713754669  
 -220 2159537551427690713266287963755651629635  
 -218 2337288050658793381552240944280121111770  
 -216 2527520379312025511514482862663880665893  
 -214 2730925120679593828078289852888192970574  
 -212 2948216282366936852340360949631967488982  
 -210 3180130960012668078218775163802495604607  
 -208 3427428894660157355108727915367653900071  
 -206 3690891918250276860938344284847567017634  
 -204 3971323281875110007632837495850012697954  
 -202 4269546861643295028240013421027229235094  
 -200 4586406237260453995513717144809382048838  
 -198 4922763638723947250420800224364056000098  
 -196 5279498756870877780334949192801776946522  
 -194 5657507413902496082523475421359691401397  
 -192 6057700090437311849300764280403069535868  
 -190 6481000306119417268272630012519762526907  
 -188 6928342851327588531295086758090760843638  
 -186 7400671868094170509230316723189901604137  
 -184 7898938778949756470586437617341077776598  
 -182 8424100063059108950083285933752899763503  
 -180 8977114879704144825274500410371799335960  
 -178 9558942539899291449359054215775509131418  
 -176 10170539827690918446815665680254810890024 
 -174 10812858173493308428262978993101334620731 
 -172 11486840682645835517896841352588926689568 
 -170 12193419023236400601416307915726586261073 
 -168 12933510178121100258695151417069938837277 
 -166 13708013066975610316555452918628168536305 
 -164 14517805045135537892332872507365361864161 
 -162 15363738286916409978787530157903478121232 
 -160 16246636062044090726878553374728877368163 
 -158 17167288914768038988192527665300640650114 
 -156 18126450756167457835378665741319822386696 
 -154 19124834881088340650409106855653563145254 
 -152 20163109922061771831011945801493862313279 
 -150 21241895753444510256146478029938807118492 
 -148 22361759359885649555049367263246948626964 
 -146 23523210684051690793870999397527005562193 
 -144 24726698469330300834443539664797541168472 
 -142 25972606113973966303006166362977364396256 
 -140 27261247553832318264185645900320325168366 
 -138 28592863191449797712565991347050075757288 
 -136 29967615889867377002756552487412949680715 
 -134 31385587049957233983149148219533389362612 
 -132 32846772790531795427237111232700772192125 
 -130 34351080250797889477278352314599139156152 
 -128 35898324034967650431855386231792692814353 
 -126 37488222818985440646724665118156827270333 
 -124 39120396139379938136184053511959054712637 
 -122 40794361384198682242094436504588319921815 
 -120 42509531005825268139533618881531697035695 
 -118 44265209975214067617980119074973005760835 
 -116 46060593496701440502684689579821338263006 
 -114 47894765002064114995283889620822364167168 
 -112 49766694441893630658299978487175780706236 
 -110 51675236891640006452462718612841948240034 
 -108 53619131488848372325733339405740324708134 
 -106 55597000717170163880995698651152117151738 
 -104 57607350051677342730688814206219047698380 
 -102 59648567978846438236842384131819386198231 
 -100 61718926403312234292943020438124818885851 
 -98  63816581452122630060049602853268695185548 
 -96  65939574685761321239149404172979397589462 
 -94  68085834723648955788283204143007622196965 
 -92  70253179290192518045809493258482243215621 
 -90  72439317685733794822699405050723623223601 
 -88  74641853684958458929318766929000366482498 
 -86  76858288863475794984574922485716379033953 
 -84  79086026351374217757678877895955419089256 
 -82  81322375010608882157935481391558521666920 
 -80  83564554031094753026921630166577052791099 
 -78  85809697938371843534280891876454851910755 
 -76  88054862003689690247618733662694325387897 
 -74  90297028045336590050775324195410818195387 
 -72  92533110608027023211519207015150420962646 
 -70  94759963505169566595619949231175290619533 
 -68  96974386706879120656582319073432389755686 
 -66  99173133554683137645687383080008585107144 
 -64  101352918282013417807774293680396265243344
 -62  103510423817784494456171112167501538636570
 -60  105642309848648025237851556517458650414307
 -58  107745221113891041376799223966163150930427
 -56  109815795905425123906218227985916973357941
 -54  111850674743903891250817315368756597191521
 -52  113846509200717405630260798041027240520491
 -50  115799970834453466454454923493444603333637
 -48  117707760209395836158039916012550509254294
 -46  119566615962756098481658673629905003015680
 -44  121373323886616160217768111487058292028650
 -42  123124725989998613994792467606781352589381
 -40  124817729506087627515208743673397572409836
 -38  126449315809398118616008555176527684520245
 -36  128016549207639138102559949353657727225788
 -34  129516585573141018900566828093477844244314
 -32  130946680779016320995805986732152067491288
 -30  132304198905702201422112366293276892818147
 -28  133586620184185782674744204926248430648934
 -26  134791548643042512079427920706476387711340
 -24  135916719427417446854177158018611789989409
 -22  136960005759246840026648845516887321107518
 -20  137919425509347260946596454499253947068729
 -18  138793147353485650883992195744666354118064
 -16  139579496486179082135347208388235614803314
 -14  140276959867749494426961160753046061653835
 -12  140884190982067352076645472750475094953131
 -10  141400014084449171008097854685362861162113
 -8   141823427921316583312040382320738974757194
 -6   142153608905467687530287500697797938488471
 -4   142389913733142868075060197972173024045651
 -2   142531881431474471031992513909116267962364
 0    142579234827379612262522312216821901543558
 2    142531881431474471031992513909116267962364
 4    142389913733142868075060197972173024045651
 6    142153608905467687530287500697797938488471
 8    141823427921316583312040382320738974757194
 10   141400014084449171008097854685362861162113
 12   140884190982067352076645472750475094953131
 14   140276959867749494426961160753046061653835
 16   139579496486179082135347208388235614803314
 18   138793147353485650883992195744666354118064
 20   137919425509347260946596454499253947068729
 22   136960005759246840026648845516887321107518
 24   135916719427417446854177158018611789989409
 26   134791548643042512079427920706476387711340
 28   133586620184185782674744204926248430648934
 30   132304198905702201422112366293276892818147
 32   130946680779016320995805986732152067491288
 34   129516585573141018900566828093477844244314
 36   128016549207639138102559949353657727225788
 38   126449315809398118616008555176527684520245
 40   124817729506087627515208743673397572409836
 42   123124725989998613994792467606781352589381
 44   121373323886616160217768111487058292028650
 46   119566615962756098481658673629905003015680
 48   117707760209395836158039916012550509254294
 50   115799970834453466454454923493444603333637
 52   113846509200717405630260798041027240520491
 54   111850674743903891250817315368756597191521
 56   109815795905425123906218227985916973357941
 58   107745221113891041376799223966163150930427
 60   105642309848648025237851556517458650414307
 62   103510423817784494456171112167501538636570
 64   101352918282013417807774293680396265243344
 66   99173133554683137645687383080008585107144 
 68   96974386706879120656582319073432389755686 
 70   94759963505169566595619949231175290619533 
 72   92533110608027023211519207015150420962646 
 74   90297028045336590050775324195410818195387 
 76   88054862003689690247618733662694325387897 
 78   85809697938371843534280891876454851910755 
 80   83564554031094753026921630166577052791099 
 82   81322375010608882157935481391558521666920 
 84   79086026351374217757678877895955419089256 
 86   76858288863475794984574922485716379033953 
 88   74641853684958458929318766929000366482498 
 90   72439317685733794822699405050723623223601 
 92   70253179290192518045809493258482243215621 
 94   68085834723648955788283204143007622196965 
 96   65939574685761321239149404172979397589462 
 98   63816581452122630060049602853268695185548 
 100  61718926403312234292943020438124818885851 
 102  59648567978846438236842384131819386198231 
 104  57607350051677342730688814206219047698380 
 106  55597000717170163880995698651152117151738 
 108  53619131488848372325733339405740324708134 
 110  51675236891640006452462718612841948240034 
 112  49766694441893630658299978487175780706236 
 114  47894765002064114995283889620822364167168 
 116  46060593496701440502684689579821338263006 
 118  44265209975214067617980119074973005760835 
 120  42509531005825268139533618881531697035695 
 122  40794361384198682242094436504588319921815 
 124  39120396139379938136184053511959054712637 
 126  37488222818985440646724665118156827270333 
 128  35898324034967650431855386231792692814353 
 130  34351080250797889477278352314599139156152 
 132  32846772790531795427237111232700772192125 
 134  31385587049957233983149148219533389362612 
 136  29967615889867377002756552487412949680715 
 138  28592863191449797712565991347050075757288 
 140  27261247553832318264185645900320325168366 
 142  25972606113973966303006166362977364396256 
 144  24726698469330300834443539664797541168472 
 146  23523210684051690793870999397527005562193 
 148  22361759359885649555049367263246948626964 
 150  21241895753444510256146478029938807118492 
 152  20163109922061771831011945801493862313279 
 154  19124834881088340650409106855653563145254 
 156  18126450756167457835378665741319822386696 
 158  17167288914768038988192527665300640650114 
 160  16246636062044090726878553374728877368163 
 162  15363738286916409978787530157903478121232 
 164  14517805045135537892332872507365361864161 
 166  13708013066975610316555452918628168536305 
 168  12933510178121100258695151417069938837277 
 170  12193419023236400601416307915726586261073 
 172  11486840682645835517896841352588926689568 
 174  10812858173493308428262978993101334620731 
 176  10170539827690918446815665680254810890024 
 178  9558942539899291449359054215775509131418  
 180  8977114879704144825274500410371799335960  
 182  8424100063059108950083285933752899763503  
 184  7898938778949756470586437617341077776598  
 186  7400671868094170509230316723189901604137  
 188  6928342851327588531295086758090760843638  
 190  6481000306119417268272630012519762526907  
 192  6057700090437311849300764280403069535868  
 194  5657507413902496082523475421359691401397  
 196  5279498756870877780334949192801776946522  
 198  4922763638723947250420800224364056000098  
 200  4586406237260453995513717144809382048838  
 202  4269546861643295028240013421027229235094  
 204  3971323281875110007632837495850012697954  
 206  3690891918250276860938344284847567017634  
 208  3427428894660157355108727915367653900071  
 210  3180130960012668078218775163802495604607  
 212  2948216282366936852340360949631967488982  
 214  2730925120679593828078289852888192970574  
 216  2527520379312025511514482862663880665893  
 218  2337288050658793381552240944280121111770  
 220  2159537551427690713266287963755651629635  
 222  1993601958233065001174140937468713754669  
 224  1838838148257710810985407265786756734944  
 226  1694626850796618813075651915075353041303  
 228  1560372615520048588294055149432221579749  
 230  1435503703285770460739488130313776718636  
 232  1319471905292967864709599278892554604687  
 234  1211752296305338145092662805050545525456  
 236  1111842927580548206108099641460408020603  
 238  1019264465029586932127575529795908019123  
 240  933559777994909914767245451389651670815   
 242  854293483882785413363119773068440473246   
 244  781051453715091284754665249810232545528   
 246  713440283481110909360368785452317134812   
 248  651086735972712034384158034201794165980   
 250  593637157578684917183504321728606249901   
 252  540756874297912969980653182614534772125   
 254  492129571008318059850214174896905502024   
 256  447456657800943830657282900917355190300   
 258  406456626957799886024039098278099969178   
 260  368864403919773953651300333633337083864   
 262  334430695358511130507086286052048533038   
 264  302921337235035080052452383414285580451   
 266  274116645499312810700631798849235197796   
 268  247810771860099572063998416437643269899   
 270  223811066834290382208028990527295338173   
 272  201937452070587066558591933799549299896   
 274  182021803734393606273784612224223443237   
 276  163907348540201217447051078904378457806   
 278  147448073824937881950956449059854524728   
 280  132508152871355208537213063540601773765   
 282  118961386514932829294673176465424652924   
 284  106690661901329829684100732835305352523   
 286  95587429104349991718833251183821639198    
 288  85551196166877189862344095325500622532    
 290  76489042989366966493232231837408304464    
 292  68315154362267006478864278306991454868    
 294  60950372320134430033009933346474135254    
 296  54321767886113315045655466475875525577    
 298  48362232175669388563871344041529593479    
 300  43010086737839735340817447099453809246    
 302  38208712930490163555954150197803324432    
 304  33906200052890651731147646321634364228    
 306  30055011893997075302758376973875842467    
 308  26611671297815166251303837416268084352    
 310  23536462297748261169600968533503297661    
 312  20793149329504232087191324141495422446    
 314  18348712996556372408084108144155607844    
 316  16173101832906257030321600982456799582    
 318  14238999484566897781818770342547643955    
 320  12521606713353452381839939036488574326    
 322  10998437613819526920336797464918044172    
 324  9649129426097514534241866238757102422     
 326  8455265323586416133747767601832553445     
 328  7400209554484716686678160879200616802     
 330  6468954319705262348842742109749703037     
 332  5647977776363184583410772992768938014     
 334  4925112565441095746321577211173750844     
 336  4289424274068486594192161146045191339     
 338  3731099256782033231949471223192991509     
 340  3241341255855764708025727241151103355     
 342  2812276278018541643333912538996205437     
 344  2436865203343572330232083372982421523     
 346  2108823621552152910376487172687431339     
 348  1822548411191739466114758931237327524     
 350  1573050597915819435090232716814005267     
 352  1355894049217219199592428334968432902     
 354  1167139584272802807974068058466571126     
 356  1003294098888757530447661651740792804     
 358  861264326751412352180132217473491060      
 360  738314879164497954360929434659051096      
 362  632030226080989604299953782150422872      
 364  540280301421783941007033677826678442      
 366  461189435333756488463299406260288995      
 368  393108335108371998505854157845529541      
 370  334588854903066619879784966358254766      
 372  284361312136240927414134789670653970      
 374  241314125428220463281307294177853631      
 376  204475565209577610625715665049165328      
 378  172997423597827222549299098824469187      
 380  146140424844376298913420789385738340      
 382  123261211573193636419360585865412840      
 384  103800755174465549153876160446199834      
 386  87274051089307475969908480985455692       
 388  73260971338792811730915491805490576       
 390  61398157529463226139978902917553373       
 392  51371847728748629968793665655085008       
 394  42911540070755282151548225880327631       
 396  35784404751312272524081430088127074       
 398  29790364228381330187196653152875918       
 400  24757768988620781174153349973210972       
 402  20539603202648333197508916739673169       
 404  17010161000517430397591980879369864       
 406  14062139985489852741491116476706440       
 408  11604103998687648014688507745543703       
 410  9558272079683105818357082852235832        
 412  7858595068075885346118146217364870        
 414  6449085387468195367897006164301742        
 416  5282369274005169715320820520930547        
 418  4318434083864297651498628215386985        
 420  3523546363765174975609335226490760        
 422  2869319120607220047489666713900448        
 424  2331909204418971300969711230936380        
 426  1891327945383706668246474041030651        
 428  1530850182011774604140623070541444        
 430  1236508603526619527403581669194903        
 432  996661923938218775105344779481585         
 434  801626825583007603985278854917957         
 436  643364872396785907718853923795365         
 438  515216712968269155756887340140926         
 440  411676884475401934066247569932845         
 442  328203403826253425746067597547159         
 444  261057103564075954801620227679731         
 446  207166348216859510019460689600295         
 448  164013361705654679105915722080636         
 450  129538917222770023418161050535051         
 452  102062595874505392521017824520141         
 454  80216216805678445707947140407357          
 456  62888386219246490439976867038941          
 458  49178411742706699278735376163438          
 460  38358087427851221809949922453140          
 462  29840078190265312748672756897394          
 464  23151825069159587869460476784925          
 466  17914058211826771315356237014648          
 468  13823146423113699029329821857482          
 470  10636633539202414200569789066714          
 472  8161415501786456986652481371880           
 474  6244100217859225926666293073164           
 476  4763167197806620098873427411665           
 478  3622607417640085989020397138114           
 480  2746777466060440823435450905963           
 482  2076247223492459489196990836726           
 484  1564458304954773279659775436606           
 486  1175042345989457346391092789961           
 488  879674841848773459103158587747            
 490  656362459426052966428928691916            
 492  488080212851823737859980481299            
 494  361690214022160997183532644008            
 496  267086380638480434075551089997            
 498  196519934959153763358248937816            
 500  144069120790220496019434325972            
 502  105223613367324022686343263087            
 504  76559858111344070526449390168             
 506  55488270195547443515009733110             
 508  40057042739511447859060015447             
 510  28800402539573601056835678444             
 512  20621648304784946468574908163             
 514  14703315454257580861328618754             
 516  10438423362544380270506811622             
 518  7378049758189181539401492115              
 520  5191504025682842555051715870              
 522  3636186776691291105892128103              
 524  2534868490190659431224010737              
 526  1758628951954185771762701468              
 528  1214099054801894311133406566              
 530  833959469837531487287253266               
 532  569894714042165111093192107               
 534  387390667427963837172905396               
 536  261910217551128260339026935               
 538  176094684034386809520559365               
 540  117725363944285964920355693               
 542  78245776072852737135439736                
 544  51695574795751477397219925                
 546  33945273313648991913051495                
 548  22149696283206797875949537                
 550  14359682423119231433782804                
 552  9247693059356656313533501                 
 554  5914977158678609926251143                 
 556  3756815605020236107423327                 
 558  2368896735570535324854229                 
 560  1482655135692319306994596                 
 562  920886332732678341728784                  
 564  567470614068499627040927                  
 566  346854244804965126705322                  
 568  210235793137521007788861                  
 570  126330026369980992547664                  
 572  75235925287178447919783                   
 574  44395090379275880087811                   
 576  25947839892524341087342                   
 578  15016976791621574642362                   
 580  8602597906085480833300                    
 582  4876240140754635845798                    
 584  2733899483875964418398                    
 586  1515465538690251367501                    
 588  830212685863611560234                     
 590  449277790312576848670                     
 592  240056336278305699011                     
 594  126578861864022205933                     
 596  65829683284148061260                      
 598  33747531284260734149                      
 600  17043228582580150287                      
 602  8473493712848491120                       
 604  4144426682978111393                       
 606  1992624677888289007                       
 608  940997160662704274                        
 610  436081568745023848                        
 612  198128831226515322                        
 614  88161217674291346                         
 616  38376756219076311                         
 618  16322518772108225                         
 620  6774119055295083                          
 622  2739228336182771                          
 624  1077489983114149                          
 626  411562035416759                           
 628  152348622638349                           
 630  54534379879411                            
 632  18830657260788                            
 634  6254976819720                             
 636  1992486365264                             
 638  606498724614                              
 640  175693594055                              
 642  48208023941                               
 644  12459957237                               
 646  3013713196                                
 648  676798487                                 
 650  139771903                                 
 652  26229634                                  
 654  4405035                                   
 656  648870                                    
 658  81548                                     
 660  8399                                      
 662  665                                       
 664  36                                        
 666  1                                         