                 -45                                        1
                 -43                                        9
                 -41                                       44
                 -39                                      155
                 -37                                      440
                 -35                                     1068
                 -33                                     2298
                 -31                                     4489
                 -29                                     8095
                 -27                                    13640
                 -25                                    21670
                 -23                                    32683
                 -21                                    47043
                 -19                                    64889
                 -17                                    86054
                 -15                                   110010
                 -13                                   135853
                 -11                                   162337
                  -9                                   187959
                  -7                                   211089
                  -5                                   230131
                  -3                                   243694
                  -1                                   250749
                   1                                   250749
                   3                                   243694
                   5                                   230131
                   7                                   211089
                   9                                   187959
                  11                                   162337
                  13                                   135853
                  15                                   110010
                  17                                    86054
                  19                                    64889
                  21                                    47043
                  23                                    32683
                  25                                    21670
                  27                                    13640
                  29                                     8095
                  31                                     4489
                  33                                     2298
                  35                                     1068
                  37                                      440
                  39                                      155
                  41                                       44
                  43                                        9
                  45                                        1