  -276 1                      
   -274 23                     
   -272 275                    
   -270 2276                   
   -268 14650                  
   -266 78131                  
   -264 359214                 
   -262 1462801                
   -260 5380529                
  -258 18142125               
  -256 56724395               
  -254 165980490              
  -252 457927079              
  -250 1198603761             
  -248 2991929700             
  -246 7153857324             
  -244 16447016616            
  -242 36476745510            
  -240 78265410550            
  -238 162869776650           
  -236 329453055975           
  -234 649063995030           
  -232 1247641114021          
  -230 2343628878849          
  -228 4308300939450          
  -226 7760743177407          
  -224 13714853983993         
  -222 23803173654663         
  -220 40612484002161         
  -218 68179687757175         
  -216 112714405341807        
  -214 183638104299314        
  -212 295059674362162        
  -210 467845634338789        
  -208 732491244137075        
  -206 1133058506192539       
  -204 1732520333747526       
  -202 2619939109393918       
  -200 3920014586821086       
  -198 5805662723533525       
  -196 8514435597076492       
  -194 12369764871892037      
  -192 17808208835702255      
  -190 25414106821117555      
  -188 35963295233386575      
  -186 50477815957715530      
  -184 70293849142393155      
  -182 97145425556757922      
  -180 133266814805220724     
  -178 181516838940458825     
  -176 245528718990465118     
  -174 329889415211012489     
  -172 440352759093218317     
  -170 584090982816140745     
  -168 769989514388896600     
  -166 1008990106638780797    
  -164 1314487486108873824    
  -162 1702784722899543989    
  -160 2193612412380942543    
  -158 2810716501628329251    
  -156 3582519164322743583    
  -154 4542856505150898447    
  -152 5731796037143316162    
  -150 7196535803767552192    
  -148 8992385695890917229    
  -146 11183829929976904091   
  -144 13845667801226876071   
  -142 17064227703109708460   
  -140 20938647019259269689   
  -138 25582207859546255860   
  -136 31123715752606589233   
  -134 37708905355133140286   
  -132 45501854036721736782   
  -130 54686380901165337454   
  -128 65467405474184781595   
  -126 78072236996917685894   
  -124 92751762096507042910   
  -122 109781495650460968526  
  -120 129462457017501988807  
  -118 152121831576823394134  
  -116 178113375805374356033  
  -114 207817523034834088414  
  -112 241641146669878757291  
  -110 280016938115524196693  
  -108 323402358043671721428  
  -106 372278122005749290432  
  -104 427146184832814713799  
  -102 488527192801770115026  
  -100 556957378210284611934  
  -98  632984877793476164778  
  -96  717165464305796457596  
  -94  810057689527013114395  
  -92  912217446847174590806  
  -90  1024191972327174196576 
  -88  1146513314574017961885 
  -86  1279691315738891506875 
  -84  1424206158239846833035 
  -82  1580500544202740554931 
  -80  1748971586855907301988 
 -78  1929962504940831716198 
 -76  2123754222335699402316 
 -74  2330556985247877914978 
 -72  2550502118231987300799 
 -70  2783634047656120551538 
 -68  3029902726807883186989 
 -66  3289156600363417085287 
 -64  3561136247224025543410 
 -62  3845468839579236459583 
 -60  4141663552346562645343 
 -58  4449108050778604672906 
 -56  4767066174981424465127 
 -54  5094676928374201425372 
 -52  5430954862817550302882 
 -50  5774791936384873376197 
 -48  6124960900745795909323 
 -46  6480120254129232077124 
 -44  6838820773147022950635 
 -42  7199513612748744434398 
 -40  7560559938649775554821 
 -38  7920242031170407813767 
 -36  8276775774014195407887 
 -34  8628324416587959519351 
 -32  8973013474521030380008 
 -30  9308946610571701992538 
 -28  9634222317594561946489 
 -26  9946951207137932311323 
 -24  10245273691964204432773
 -22  10527377838708512980538
 -20  10791517158327584853620
 -18  11036028097190337377338
 -16  11259346990802423622309
 -14  11460026245338366433453
 -12  11636749519395757717162
 -10  11788345689621545682837
 -8   11913801398942831781011
 -6   12012272004834873559167
 -4   12083090767071063461167
 -2   12125776139346255763203
 0    12140037056605135928410
 2    12125776139346255763203
 4    12083090767071063461167
 6    12012272004834873559167
 8    11913801398942831781011
 10   11788345689621545682837
 12   11636749519395757717162
 14   11460026245338366433453
 16   11259346990802423622309
 18   11036028097190337377338
 20   10791517158327584853620
 22   10527377838708512980538
 24   10245273691964204432773
 26   9946951207137932311323 
 28   9634222317594561946489 
 30   9308946610571701992538 
 32   8973013474521030380008 
 34   8628324416587959519351 
 36   8276775774014195407887 
 38   7920242031170407813767 
 40   7560559938649775554821 
 42   7199513612748744434398 
 44   6838820773147022950635 
 46   6480120254129232077124 
 48   6124960900745795909323 
 50   5774791936384873376197 
 52   5430954862817550302882 
 54   5094676928374201425372 
 56   4767066174981424465127 
 58   4449108050778604672906 
 60   4141663552346562645343 
 62   3845468839579236459583 
 64   3561136247224025543410 
 66   3289156600363417085287 
 68   3029902726807883186989 
 70   2783634047656120551538 
 72   2550502118231987300799 
 74   2330556985247877914978 
 76   2123754222335699402316 
 78   1929962504940831716198 
 80   1748971586855907301988 
 82   1580500544202740554931 
 84   1424206158239846833035 
 86   1279691315738891506875 
 88   1146513314574017961885 
 90   1024191972327174196576 
 92   912217446847174590806  
 94   810057689527013114395  
 96   717165464305796457596  
 98   632984877793476164778  
 100  556957378210284611934  
 102  488527192801770115026  
 104  427146184832814713799  
 106  372278122005749290432  
 108  323402358043671721428  
 110  280016938115524196693  
 112  241641146669878757291  
 114  207817523034834088414  
 116  178113375805374356033  
 118  152121831576823394134  
 120  129462457017501988807  
 122  109781495650460968526  
 124  92751762096507042910   
 126  78072236996917685894   
 128  65467405474184781595   
 130  54686380901165337454   
 132  45501854036721736782   
 134  37708905355133140286   
 136  31123715752606589233   
 138  25582207859546255860   
 140  20938647019259269689   
 142  17064227703109708460   
 144  13845667801226876071   
 146  11183829929976904091   
 148  8992385695890917229    
 150  7196535803767552192    
 152  5731796037143316162    
 154  4542856505150898447    
 156  3582519164322743583    
 158  2810716501628329251    
 160  2193612412380942543    
 162  1702784722899543989    
 164  1314487486108873824    
 166  1008990106638780797    
 168  769989514388896600     
 170  584090982816140745     
 172  440352759093218317     
 174  329889415211012489     
 176  245528718990465118     
 178  181516838940458825     
 180  133266814805220724     
 182  97145425556757922      
 184  70293849142393155      
 186  50477815957715530      
 188  35963295233386575      
 190  25414106821117555      
 192  17808208835702255      
 194  12369764871892037      
 196  8514435597076492       
 198  5805662723533525       
 200  3920014586821086       
 202  2619939109393918       
 204  1732520333747526       
 206  1133058506192539       
 208  732491244137075        
 210  467845634338789        
 212  295059674362162        
 214  183638104299314        
 216  112714405341807        
 218  68179687757175         
 220  40612484002161         
 222  23803173654663         
 224  13714853983993         
 226  7760743177407          
 228  4308300939450          
 230  2343628878849          
 232  1247641114021          
 234  649063995030           
 236  329453055975           
 238  162869776650           
 240  78265410550            
 242  36476745510            
 244  16447016616            
 246  7153857324             
 248  2991929700             
 250  1198603761             
 252  457927079              
 254  165980490              
 256  56724395               
 258  18142125               
 260  5380529                
 262  1462801                
 264  359214                 
 266  78131                  
 268  14650                  
 270  2276                   
 272  275                    
 274  23                     
 276  1       