 -703 1                                          
   -701 37                                         
   -699 702                                        
   -697 9101                                       
   -695 90649                                      
   -693 739519                                     
   -691 5144554                                    
   -689 31374188                                   
   -687 171146091                                  
  -685 847944578                                  
  -683 3861657774                                 
  -681 16321615011                                
  -679 64529638952                                
  -677 240223233007                               
  -675 846721957621                               
  -673 2839208322885                              
  -671 9094185142605                              
  -669 27924842403393                             
  -667 82459222282804                             
  -665 234807844921153                            
  -663 646369880337912                            
  -661 1723859863452061                           
  -659 4463088199634832                           
  -657 11237207254929915                          
  -655 27559726027038140                          
  -653 65936482246114451                          
  -651 154097699920405797                         
  -649 352226531146921119                         
  -647 788308099891944967                         
  -645 1729305260554649241                        
  -643 3721929938442938248                        
  -641 7866356621421049641                        
  -639 16339850334269540761                       
  -637 33383078916849691048                       
  -635 67130610201110425197                       
  -633 132960293485258486457                      
  -631 259539155349280692390                      
  -629 499595491627586391401                      
  -627 948873281940163240070                      
  -625 1779085967803774800268                     
  -623 3294551506494026167104                     
  -621 6028450990369990577103                     
  -619 10904691131124626341353                    
  -617 19507289037210106525783                    
  -615 34524265828831676763110                    
  -613 60472105721355991620818                    
  -611 104867196100631731936726                   
  -609 180103121387809503058022                   
  -607 306433147757787481892490                   
  -605 516668940895296029724114                   
  -603 863523185700212948405495                   
  -601 1430993799768536881852367                  
  -599 2351880132500608724856537                  
  -597 3834535268190935545485869                  
  -595 6203432003755215893520378                  
  -593 9960247608756621343682917                  
  -591 15875224767380696890054649                 
  -589 25122917826585004580949801                 
  -587 39482600249292673979315846                 
  -585 61632296531421981872151234                 
  -583 95577569842331745449019958                 
  -581 147273144631309103790944800                
  -579 225518920687839322154276311                
  -577 343244284593748530855555693                
  -575 519338968539974122701823712                
  -573 781249185892973551814335325                
  -571 1168639852884855820242216873               
  -569 1738534565986023770672704706               
  -567 2572494033830930580071668965               
  -565 3786593084488398208226964138               
  -563 5545222027969090267141174486               
  -561 8080090501116521115785034936               
  -559 11716277244060280937416428890              
  -557 16907781203913440208320083500              
  -555 24285830835523759883699369682              
  -553 34724253958011803875900482293              
  -551 49427568962991594424652252377              
  -549 70049216437563855029615600306              
  -547 98849617461671917396199911249              
  -545 138906657467283881379295508298             
  -543 194394922786591184139669395610             
  -541 270954772295337348580637952478             
  -539 376178370645684579645406573203             
  -537 520247465488065183140499811833             
  -535 716767356052128567222868661838             
  -533 983853661454683714119971832052             
  -531 1345543749146818341322511928396            
  -529 1833623751762848941661484620834            
  -527 2489985864334657103125286607428            
  -525 3369660138712816493728818154248            
  -523 4544701563815941107441569215425            
  -521 6109158386115578694782037657435            
  -519 8185403240711302613443703639932            
  -517 10932176949956138416643047122568           
  -515 14554778452619065727053518009539           
  -513 19317936402732626469270631887703           
  -511 25562022260909429276705491178063           
  -509 33723415612999603056560096600406           
  -507 44360015206928703608137972615625           
 -505 58183109934467606885990397253182           
 -503 76097089900518305348609498828094           
 -501 99248797244313948932105055257326           
 -499 129088699339895227293968291595355          
 -497 167446524857528897975657875021560          
 -495 216624549209568169290556078279602          
 -493 279512365534100617565421852126436          
 -491 359727748380309225741881705280527          
 -489 461789130155759816368588396394102          
 -487 591326288749577885600977684227685          
 -485 755337115586742374047462182297584          
 -483 962499827616825192775816979769776          
 -481 1223551739676875464734882155733637         
 -479 1551747765453370701299410351788681         
 -477 1963414211505410090985387414909904         
 -475 2478616221158224989161413426432076         
 -473 3121960471906706111933798775319278         
 -471 3923558497087174142318020794558791         
 -469 4920180363982653405975506514024929         
 -467 6156633479239077385935573173486722         
 -465 7687407101392740646005669794637998         
 -463 9578629823163079990229457492405562         
 -461 11910394958461261070703149289015970        
 -459 14779517559133521964429457753978602        
 -457 18302796836518058459604717429379365        
 -455 22620869230168333950106162112122342        
 -453 27902750423960651841689122652571590        
 -451 34351179448969421156619699888181416        
 -449 42208894842203457729278742946958539        
 -447 51765991879540574090289434706404410        
 -445 63368531419923267331698282676511507        
 -443 77428595158189627613700202162381221        
 -441 94436009381240997570468747590845122        
 -439 114971989976471690681988643933380177       
 -437 139724995797894665236043120479179484       
 -435 169509115926058136197313107338982238       
 -433 205285359261868622264407884945737432       
 -431 248186262699084702001755541036998349       
 -429 299544287281410218271519876870225875       
 -427 360924530752661617640183423550764600       
 -425 434162350266385269783229454879470251       
 -423 521406561277502480440389263108028549       
 -421 625168958364540178372455473631775243       
 -419 748380991525991108092537324121024645       
 -417 894458527984148160515518136639724044       
 -415 1067375735365169704619109288323785874      
 -413 1271749237978872809852303935548431061      
 -411 1512933824489870503110193068675749641      
 -409 1797131123264405775845221942624322975      
 -407 2131512811819255536214987448292977446      
 -405 2524360089824063458766039985910827256      
 -403 2985221321753993693803593324573569092      
 -401 3525089946291302232876560754830314689      
 -399 4156604955659323568020757649640596635      
 -397 4894276469951424736473968230375852366      
 -395 5754739169877254081050115168994425469      
 -393 6757036606842073392722671475955736688      
 -391 7922939682511349581169335952753112911      
 -389 9277302881546557006157623664651004369      
 -387 10848462151516992734579609907423978985     
 -385 12668678653504313229393399127430370129     
 -383 14774632955935858919722396633403901020     
 -381 17207974612915666074978870671159831783     
 -379 20015932456850343420661284581940650235     
 -377 23251991343432102958971691002570823043     
 -375 26976641514826667995553265219599512810     
 -373 31258207193827078704399308219427339279     
 -371 36173761487188491344902528347748854291     
 -369 41810135159552988280298612832772248602     
 -367 48265027339272760776399863826045245199     
 -365 55648226732756960032680432724366492137     
 -363 64082952453140727833230691409459372413     
 -361 73707324110249621586298404298243263863     
 -359 84675971359840767176448005110008432117     
 -357 97161793668442907285763862716408879369     
 -355 111357881612939049785431084833076195693    
 -353 127479611598116558185783892149877910267    
 -351 145766926437143467367728021391115964738    
 -349 166486814795308906643188430040805896608    
 -347 189936003041967860336819490093323738577    
 -345 216443873584608561038969451349145623095    
 -343 246375624267032442705308467737156052722    
 -341 280135683895078718137542693269404678610    
 -339 318171399401971054470947544368383533855    
 -337 360977010574601212201139275802788177773    
 -335 409097928624842380301729312550139917621    
 -333 463135335198819454419970644236344789228    
 -331 523751118664050817833100792616460669716    
 -329 591673164691209452313459216765606595043    
 -327 667701018245242662318228149196754610512    
 -325 752711934110698068239565210844428554602    
 -323 847667332988967070354098508246099770928    
 -321 953619680011132402083838311646746072355    
 -319 1071719802199313819026331355894697234219   
 -317 1203224660971780270033096757783558215180   
 -315 1349505595212445349176079138784946168782   
 -313 1512057049703429347423537789354356193686   
 -311 1692505802839907134262232168861765631656   
 -309 1892620706499302461354709343730077604028   
 -307 2114322949712040690652361847084685510862   
 -305 2359696856368796690386128180149346359238   
 -303 2631001225590090959443426066459585351597   
 -301 2930681221569270274787852722632719828693   
 -299 3261380817670999372062989537461575370222   
 -297 3625955797316704839120097709948867262747   
 -295 4027487311709063629397815231015793481081   
 -293 4469295991733644275471687358940379733367   
 -291 4954956608422257072973058791727535532354   
 -289 5488313273165685326267033813462869687677   
 -287 6073495165420783827316790367589643384133   
 -285 6714932771967398347166706535552680447691   
 -283 7417374617834689729606738523540079538331   
 -281 8185904464836427561979563834313823509533   
 -279 9025958949234646077560864837039716338824   
 -277 9943345625396649735297788687446911210057   
 -275 10944261377429680295017280109098663621336  
 -273 12035311155680724269038188426417576219493  
 -271 13223526989688314152961250262934618447288  
 -269 14516387223683466851419545704410904967623  
 -267 15921835915075240236856275457750805843792  
 -265 17448302330542398173419182960861393059313  
 -263 19104720468408526822938880725738942776184  
 -261 20900548529928397898583470544426245701882  
 -259 22845788255985793511193740137853429863072  
 -257 24951004039527370909414372635133205967130  
 -255 27227341717866029860933603646066852943646  
 -253 29686546942815788365969222230423742154671  
 -251 32340983020506015227554279851474526820781  
 -249 35203648106706074890032296705780993687231  
 -247 38288191637614392976532238618399667652640  
 -245 41608929870373220501956865800932016200188  
 -243 45180860402108564533600536909314158564898  
 -241 49019675531112319332696161341623569489087  
 -239 53141774318930676478985218313590944199453  
 -237 57564273207650929257051884379495947790485  
 -235 62305015042640482901198899991635780347346  
 -233 67382576347440773614975257250638007993972  
 -231 72816272694508979315290703681470404057196  
 -229 78626162013086191592527469545435830323165  
 -227 84833045673706296050099467759106357652276  
 -225 91458467187798849501342102133782832915463  
 -223 98524708360534508880065332570920685986562  
 -221 106054782735564491397000469854628426679296 
 -219 114072426171665800461059716690103226473621 
 -217 122602084393569001455676934199557670619281 
 -215 131668897362459974845185774240436274248675 
 -213 141298680315852980322020786738076550366574 
 -211 151517901331767603833100261409449278737404 
 -209 162353655278440727316612944727836411260992 
 -207 173833634018196017008668883858110680387253 
 -205 185986092742602025982609370025370386679002 
 -203 198839812325694850885801703170930114742061 
 -201 212424057592835478863367330226905824935407 
 -199 226768531414722301910027284855013395037516 
 -197 241903324549185844430797738588281864385076 
 -195 257858861167648545273897603448531959509734 
 -193 274665840018523035244566669910959227291743 
 -191 292355171196325605434236288636299013718361 
 -189 310957908502867328676954179288360654451891 
 -187 330505177405515220120025005403224108529080 
 -185 351028098617143158864088965400684300421100 
 -183 372557707342961784656785823860742592228624 
 -181 395124868260864394777963075561784481767461 
 -179 418760186324179567699417000980481725051947 
 -177 443493913498699860452088164018138169554420 
 -175 469355851569470064336575865512300052341134 
 -173 496375251176970504486992057050081034532867 
 -171 524580707266915070391922430105811928290872 
 -169 554000051162786708464050813423145046582926 
 -167 584660239495334321080390821452896618721444 
 -165 616587240248426861504613370188839298837843 
 -163 649805916205769007123098021885968896873082 
 -161 684339906107888491263768358253118569536881 
 -159 720211503853363226255441994533342833458598 
 -157 757441536102317616614640664222072753547771 
 -155 796049238663629188150097307875686067907209 
 -153 836052132069893316803481233175104336634347 
 -151 877465896765838014530492492783406938274608 
 -149 920304248356404056657497384512491958137206 
 -147 964578813379949892600729786402144004773103 
 -145 1010299006089848508455876688190543251704639
 -143 1057471906743959563386789100907942469092874
 -141 1106102141915932761292203414703789717455294
 -139 1156191767354879908079686744619833594522107
 -137 1207740153930501223925814099377703602517934
 -135 1260743877209130545557600723237870963082751
 -133 1315196611212246031278853286058261433982645
 -131 1371089026912658586465720182285542469918537
 -129 1428408696024730004252834524126954774296881
 -127 1487140000643488188758978476259050228984177
 -125 1547264049283311109795964370680685233602514
 -123 1608758599859870494801751763008498134515235
 -121 1671597990149200621832552087529724676236328
 -119 1735753076245041465002295041255982557253134
 -117 1801191179519968760193838005681239787657537
 -115 1867876042577252263077709790702041076423038
 -113 1935767794658880181494316578563241539497656
 -111 2004822926950772261288945424728713550574551
 -109 2074994278198913634945415264480617022910233
 -107 2146231031020031510747164214314265307967573
 -105 2218478719257580330569302993722900156554787
 -103 2291679246698289501911984210439931377265675
 -101 2365770917426470601455572858220007317340653
 -99  2440688478052805298199177979040458780219935
 -97  2516363172011585946434272983070504480953527
 -95  2592722806075519753827923058817134242521342
 -93  2669691829190413082306904175570350443687158
 -91  2747191423683519084080443138624507901722527
 -89  2825139608849268839278848550433742449428665
 -87  2903451356864736865086578808809030225491969
 -85  2982038720934752763108434671309621680033626
 -83  3060810975513310179347998908434938363127491
 -81  3139674768394101071426233401040464958120446
 -79  3218534284408885617803045749572273304948992
 -77  3297291420418271804815569803665849539095822
 -75  3375845971225605808436294469221554859448899
 -73  3454095825991351315880554440088036805968451
 -71  3531937174672852328328658549568672701972731
 -69  3609264723963020276998731196895084444755885
 -67  3685971922151552314539847864537209220422294
 -65  3761951192284060754483903255257238603372848
 -63  3837094172948256828326488791831895604885957
 -61  3911291965972362040887722929412382575989515
 -59  3984435390279486250854322172076001201911485
 -57  4056415241103072190561769222402275751390752
 -55  4127122553732908885657478214003934483311851
 -53  4196448870928895449747015929133687854899544
 -51  4264286513110911149351277684836010293329778
 -49  4330528850408020042498604390657485021800411
 -47  4395070575628993418522127322857131503928571
 -45  4457807977198935784076488827281915059596509
 -43  4518639211093794589448840846588154476418060
 -41  4577464570795842704496979414393750447672612
 -39  4634186754288945331994691036426411863724221
 -37  4688711127112635254009594614980539439879882
 -35  4740945980498773134990811804694244889646859
 -33  4790802783623888979854352795651267492729864
 -31  4838196429024187100789020347117890140598802
 -29  4883045470238624563444478410365196725600310
 -27  4925272350768390596806888881970551001655279
 -25  4964803623468444531075760061040629831365066
 -23  5001570159518409531046550109626174354382331
 -21  5035507346155940587944045761496951318771338
 -19  5066555272395535197451238733275454521958975
 -17  5094658901999457334491616959788791495669763
 -15  5119768233014800283267448489936922219585760
 -13  5141838443241500324491364849914506769054678
 -11  5160830021050089370116337847127538553432381
 -9   5176708881024879316633042136041236474827021
 -7   5189446463967825419573495828704608364629488
 -5   5199019820860225580351533703949702140092126
 -3   5205411680443367985257308064436398631747059
 -1   5208610500144919495844659270116658786563011
 1    5208610500144919495844659270116658786563011
 3    5205411680443367985257308064436398631747059
 5    5199019820860225580351533703949702140092126
 7    5189446463967825419573495828704608364629488
 9    5176708881024879316633042136041236474827021
 11   5160830021050089370116337847127538553432381
 13   5141838443241500324491364849914506769054678
 15   5119768233014800283267448489936922219585760
 17   5094658901999457334491616959788791495669763
 19   5066555272395535197451238733275454521958975
 21   5035507346155940587944045761496951318771338
 23   5001570159518409531046550109626174354382331
 25   4964803623468444531075760061040629831365066
 27   4925272350768390596806888881970551001655279
 29   4883045470238624563444478410365196725600310
 31   4838196429024187100789020347117890140598802
 33   4790802783623888979854352795651267492729864
 35   4740945980498773134990811804694244889646859
 37   4688711127112635254009594614980539439879882
 39   4634186754288945331994691036426411863724221
 41   4577464570795842704496979414393750447672612
 43   4518639211093794589448840846588154476418060
 45   4457807977198935784076488827281915059596509
 47   4395070575628993418522127322857131503928571
 49   4330528850408020042498604390657485021800411
 51   4264286513110911149351277684836010293329778
 53   4196448870928895449747015929133687854899544
 55   4127122553732908885657478214003934483311851
 57   4056415241103072190561769222402275751390752
 59   3984435390279486250854322172076001201911485
 61   3911291965972362040887722929412382575989515
 63   3837094172948256828326488791831895604885957
 65   3761951192284060754483903255257238603372848
 67   3685971922151552314539847864537209220422294
 69   3609264723963020276998731196895084444755885
 71   3531937174672852328328658549568672701972731
 73   3454095825991351315880554440088036805968451
 75   3375845971225605808436294469221554859448899
 77   3297291420418271804815569803665849539095822
 79   3218534284408885617803045749572273304948992
 81   3139674768394101071426233401040464958120446
 83   3060810975513310179347998908434938363127491
 85   2982038720934752763108434671309621680033626
 87   2903451356864736865086578808809030225491969
 89   2825139608849268839278848550433742449428665
 91   2747191423683519084080443138624507901722527
 93   2669691829190413082306904175570350443687158
 95   2592722806075519753827923058817134242521342
 97   2516363172011585946434272983070504480953527
 99   2440688478052805298199177979040458780219935
 101  2365770917426470601455572858220007317340653
 103  2291679246698289501911984210439931377265675
 105  2218478719257580330569302993722900156554787
 107  2146231031020031510747164214314265307967573
 109  2074994278198913634945415264480617022910233
 111  2004822926950772261288945424728713550574551
 113  1935767794658880181494316578563241539497656
 115  1867876042577252263077709790702041076423038
 117  1801191179519968760193838005681239787657537
 119  1735753076245041465002295041255982557253134
 121  1671597990149200621832552087529724676236328
 123  1608758599859870494801751763008498134515235
 125  1547264049283311109795964370680685233602514
 127  1487140000643488188758978476259050228984177
 129  1428408696024730004252834524126954774296881
 131  1371089026912658586465720182285542469918537
 133  1315196611212246031278853286058261433982645
 135  1260743877209130545557600723237870963082751
 137  1207740153930501223925814099377703602517934
 139  1156191767354879908079686744619833594522107
 141  1106102141915932761292203414703789717455294
 143  1057471906743959563386789100907942469092874
 145  1010299006089848508455876688190543251704639
 147  964578813379949892600729786402144004773103 
 149  920304248356404056657497384512491958137206 
 151  877465896765838014530492492783406938274608 
 153  836052132069893316803481233175104336634347 
 155  796049238663629188150097307875686067907209 
 157  757441536102317616614640664222072753547771 
 159  720211503853363226255441994533342833458598 
 161  684339906107888491263768358253118569536881 
 163  649805916205769007123098021885968896873082 
 165  616587240248426861504613370188839298837843 
 167  584660239495334321080390821452896618721444 
 169  554000051162786708464050813423145046582926 
 171  524580707266915070391922430105811928290872 
 173  496375251176970504486992057050081034532867 
 175  469355851569470064336575865512300052341134 
 177  443493913498699860452088164018138169554420 
 179  418760186324179567699417000980481725051947 
 181  395124868260864394777963075561784481767461 
 183  372557707342961784656785823860742592228624 
 185  351028098617143158864088965400684300421100 
 187  330505177405515220120025005403224108529080 
 189  310957908502867328676954179288360654451891 
 191  292355171196325605434236288636299013718361 
 193  274665840018523035244566669910959227291743 
 195  257858861167648545273897603448531959509734 
 197  241903324549185844430797738588281864385076 
 199  226768531414722301910027284855013395037516 
 201  212424057592835478863367330226905824935407 
 203  198839812325694850885801703170930114742061 
 205  185986092742602025982609370025370386679002 
 207  173833634018196017008668883858110680387253 
 209  162353655278440727316612944727836411260992 
 211  151517901331767603833100261409449278737404 
 213  141298680315852980322020786738076550366574 
 215  131668897362459974845185774240436274248675 
 217  122602084393569001455676934199557670619281 
 219  114072426171665800461059716690103226473621 
 221  106054782735564491397000469854628426679296 
 223  98524708360534508880065332570920685986562  
 225  91458467187798849501342102133782832915463  
 227  84833045673706296050099467759106357652276  
 229  78626162013086191592527469545435830323165  
 231  72816272694508979315290703681470404057196  
 233  67382576347440773614975257250638007993972  
 235  62305015042640482901198899991635780347346  
 237  57564273207650929257051884379495947790485  
 239  53141774318930676478985218313590944199453  
 241  49019675531112319332696161341623569489087  
 243  45180860402108564533600536909314158564898  
 245  41608929870373220501956865800932016200188  
 247  38288191637614392976532238618399667652640  
 249  35203648106706074890032296705780993687231  
 251  32340983020506015227554279851474526820781  
 253  29686546942815788365969222230423742154671  
 255  27227341717866029860933603646066852943646  
 257  24951004039527370909414372635133205967130  
 259  22845788255985793511193740137853429863072  
 261  20900548529928397898583470544426245701882  
 263  19104720468408526822938880725738942776184  
 265  17448302330542398173419182960861393059313  
 267  15921835915075240236856275457750805843792  
 269  14516387223683466851419545704410904967623  
 271  13223526989688314152961250262934618447288  
 273  12035311155680724269038188426417576219493  
 275  10944261377429680295017280109098663621336  
 277  9943345625396649735297788687446911210057   
 279  9025958949234646077560864837039716338824   
 281  8185904464836427561979563834313823509533   
 283  7417374617834689729606738523540079538331   
 285  6714932771967398347166706535552680447691   
 287  6073495165420783827316790367589643384133   
 289  5488313273165685326267033813462869687677   
 291  4954956608422257072973058791727535532354   
 293  4469295991733644275471687358940379733367   
 295  4027487311709063629397815231015793481081   
 297  3625955797316704839120097709948867262747   
 299  3261380817670999372062989537461575370222   
 301  2930681221569270274787852722632719828693   
 303  2631001225590090959443426066459585351597   
 305  2359696856368796690386128180149346359238   
 307  2114322949712040690652361847084685510862   
 309  1892620706499302461354709343730077604028   
 311  1692505802839907134262232168861765631656   
 313  1512057049703429347423537789354356193686   
 315  1349505595212445349176079138784946168782   
 317  1203224660971780270033096757783558215180   
 319  1071719802199313819026331355894697234219   
 321  953619680011132402083838311646746072355    
 323  847667332988967070354098508246099770928    
 325  752711934110698068239565210844428554602    
 327  667701018245242662318228149196754610512    
 329  591673164691209452313459216765606595043    
 331  523751118664050817833100792616460669716    
 333  463135335198819454419970644236344789228    
 335  409097928624842380301729312550139917621    
 337  360977010574601212201139275802788177773    
 339  318171399401971054470947544368383533855    
 341  280135683895078718137542693269404678610    
 343  246375624267032442705308467737156052722    
 345  216443873584608561038969451349145623095    
 347  189936003041967860336819490093323738577    
 349  166486814795308906643188430040805896608    
 351  145766926437143467367728021391115964738    
 353  127479611598116558185783892149877910267    
 355  111357881612939049785431084833076195693    
 357  97161793668442907285763862716408879369     
 359  84675971359840767176448005110008432117     
 361  73707324110249621586298404298243263863     
 363  64082952453140727833230691409459372413     
 365  55648226732756960032680432724366492137     
 367  48265027339272760776399863826045245199     
 369  41810135159552988280298612832772248602     
 371  36173761487188491344902528347748854291     
 373  31258207193827078704399308219427339279     
 375  26976641514826667995553265219599512810     
 377  23251991343432102958971691002570823043     
 379  20015932456850343420661284581940650235     
 381  17207974612915666074978870671159831783     
 383  14774632955935858919722396633403901020     
 385  12668678653504313229393399127430370129     
 387  10848462151516992734579609907423978985     
 389  9277302881546557006157623664651004369      
 391  7922939682511349581169335952753112911      
 393  6757036606842073392722671475955736688      
 395  5754739169877254081050115168994425469      
 397  4894276469951424736473968230375852366      
 399  4156604955659323568020757649640596635      
 401  3525089946291302232876560754830314689      
 403  2985221321753993693803593324573569092      
 405  2524360089824063458766039985910827256      
 407  2131512811819255536214987448292977446      
 409  1797131123264405775845221942624322975      
 411  1512933824489870503110193068675749641      
 413  1271749237978872809852303935548431061      
 415  1067375735365169704619109288323785874      
 417  894458527984148160515518136639724044       
 419  748380991525991108092537324121024645       
 421  625168958364540178372455473631775243       
 423  521406561277502480440389263108028549       
 425  434162350266385269783229454879470251       
 427  360924530752661617640183423550764600       
 429  299544287281410218271519876870225875       
 431  248186262699084702001755541036998349       
 433  205285359261868622264407884945737432       
 435  169509115926058136197313107338982238       
 437  139724995797894665236043120479179484       
 439  114971989976471690681988643933380177       
 441  94436009381240997570468747590845122        
 443  77428595158189627613700202162381221        
 445  63368531419923267331698282676511507        
 447  51765991879540574090289434706404410        
 449  42208894842203457729278742946958539        
 451  34351179448969421156619699888181416        
 453  27902750423960651841689122652571590        
 455  22620869230168333950106162112122342        
 457  18302796836518058459604717429379365        
 459  14779517559133521964429457753978602        
 461  11910394958461261070703149289015970        
 463  9578629823163079990229457492405562         
 465  7687407101392740646005669794637998         
 467  6156633479239077385935573173486722         
 469  4920180363982653405975506514024929         
 471  3923558497087174142318020794558791         
 473  3121960471906706111933798775319278         
 475  2478616221158224989161413426432076         
 477  1963414211505410090985387414909904         
 479  1551747765453370701299410351788681         
 481  1223551739676875464734882155733637         
 483  962499827616825192775816979769776          
 485  755337115586742374047462182297584          
 487  591326288749577885600977684227685          
 489  461789130155759816368588396394102          
 491  359727748380309225741881705280527          
 493  279512365534100617565421852126436          
 495  216624549209568169290556078279602          
 497  167446524857528897975657875021560          
 499  129088699339895227293968291595355          
 501  99248797244313948932105055257326           
 503  76097089900518305348609498828094           
 505  58183109934467606885990397253182           
 507  44360015206928703608137972615625           
 509  33723415612999603056560096600406           
 511  25562022260909429276705491178063           
 513  19317936402732626469270631887703           
 515  14554778452619065727053518009539           
 517  10932176949956138416643047122568           
 519  8185403240711302613443703639932            
 521  6109158386115578694782037657435            
 523  4544701563815941107441569215425            
 525  3369660138712816493728818154248            
 527  2489985864334657103125286607428            
 529  1833623751762848941661484620834            
 531  1345543749146818341322511928396            
 533  983853661454683714119971832052             
 535  716767356052128567222868661838             
 537  520247465488065183140499811833             
 539  376178370645684579645406573203             
 541  270954772295337348580637952478             
 543  194394922786591184139669395610             
 545  138906657467283881379295508298             
 547  98849617461671917396199911249              
 549  70049216437563855029615600306              
 551  49427568962991594424652252377              
 553  34724253958011803875900482293              
 555  24285830835523759883699369682              
 557  16907781203913440208320083500              
 559  11716277244060280937416428890              
 561  8080090501116521115785034936               
 563  5545222027969090267141174486               
 565  3786593084488398208226964138               
 567  2572494033830930580071668965               
 569  1738534565986023770672704706               
 571  1168639852884855820242216873               
 573  781249185892973551814335325                
 575  519338968539974122701823712                
 577  343244284593748530855555693                
 579  225518920687839322154276311                
 581  147273144631309103790944800                
 583  95577569842331745449019958                 
 585  61632296531421981872151234                 
 587  39482600249292673979315846                 
 589  25122917826585004580949801                 
 591  15875224767380696890054649                 
 593  9960247608756621343682917                  
 595  6203432003755215893520378                  
 597  3834535268190935545485869                  
 599  2351880132500608724856537                  
 601  1430993799768536881852367                  
 603  863523185700212948405495                   
 605  516668940895296029724114                   
 607  306433147757787481892490                   
 609  180103121387809503058022                   
 611  104867196100631731936726                   
 613  60472105721355991620818                    
 615  34524265828831676763110                    
 617  19507289037210106525783                    
 619  10904691131124626341353                    
 621  6028450990369990577103                     
 623  3294551506494026167104                     
 625  1779085967803774800268                     
 627  948873281940163240070                      
 629  499595491627586391401                      
 631  259539155349280692390                      
 633  132960293485258486457                      
 635  67130610201110425197                       
 637  33383078916849691048                       
 639  16339850334269540761                       
 641  7866356621421049641                        
 643  3721929938442938248                        
 645  1729305260554649241                        
 647  788308099891944967                         
 649  352226531146921119                         
 651  154097699920405797                         
 653  65936482246114451                          
 655  27559726027038140                          
 657  11237207254929915                          
 659  4463088199634832                           
 661  1723859863452061                           
 663  646369880337912                            
 665  234807844921153                            
 667  82459222282804                             
 669  27924842403393                             
 671  9094185142605                              
 673  2839208322885                              
 675  846721957621                               
 677  240223233007                               
 679  64529638952                                
 681  16321615011                                
 683  3861657774                                 
 685  847944578                                  
 687  171146091                                  
 689  31374188                                   
 691  5144554                                    
 693  739519                                     
 695  90649                                      
 697  9101                                       
 699  702                                        
 701  37                                         
 703  1                 