  -820 1                                               
   -818 40                                              
   -816 819                                             
   -814 11439                                           
   -812 122549                                          
   -810 1073668                                         
   -808 8009350                                         
   -806 52303783                                        
   -804 305103058                                       
  -802 1614351753                                      
  -800 7841707642                                      
  -798 35308785736                                     
  -796 148545224987                                    
  -794 587774258402                                    
  -792 2199717843602                                   
  -790 7823584303472                                   
  -788 26553558780617                                  
  -786 86314483678430                                  
  -784 269565581279715                                 
  -782 811114696505625                                 
  -780 2357331709694072                                
  -778 6632076484297117                                
  -776 18098437219949592                               
  -774 47993621171581412                               
  -772 123877354366230717                              
  -770 311686119050011958                              
  -768 765517615143330932                              
  -766 1837598373793108758                             
  -764 4316236494891290403                             
  -762 9930737238992525108                             
  -760 22403030544539751121                            
  -758 49599473032954018083                            
  -756 107859915038504866755                           
  -754 230567435478041988185                           
  -752 484852644552675807570                           
  -750 1003675835747664811367                          
  -748 2046576164412289691966                          
  -746 4113149122174136840768                          
  -744 8152267990973369497843                          
  -742 15943018738613762463458                         
  -740 30779952871589341904679                         
  -738 58691521380270098397869                         
  -736 110582415395780658274541                        
  -734 205959923955331127960026                        
  -732 379348312887753183378165                        
  -730 691219687914402810175054                        
  -728 1246441245135911703029158                       
  -726 2225116105940089157333666                       
  -724 3933677418084721604516211                       
  -722 6888794122465100193552464                       
  -720 11953989404781416841630557                      
  -718 20560257064802123717691120                      
  -716 35059477235027508472103720                      
  -714 59286185183647355175524646                      
  -712 99443812914412953567960763                      
  -710 165492608036068144877671877                     
  -708 273307795315953767758843754                     
  -706 448012292580535348542597393                     
  -704 729088700078760369298641290                     
  -702 1178169314341087174951584810                    
  -700 1890831705207242473361736785                    
  -698 3014349017301702050376617210                    
  -696 4774240171294881072832485588                    
  -694 7513749451737268050103294725                    
  -692 11752215827064103689362785827                   
  -690 18270888482920767634231735831                   
  -688 28238407271619854991638920243                   
  -686 43393306757852757201297771886                   
  -684 66308080972580564951686444398                   
  -682 100769322994052133152142369461                  
  -680 152322254836918960249388084431                  
  -678 229046966974369430465075095594                  
  -676 342659736592874538864079550390                  
  -674 510068344779494186202491875313                  
  -672 755558622136278149760792837343                  
  -670 1113854822161608174379233314729                 
  -668 1634384512926380914020339989600                 
  -666 2387196909160152294796698138401                 
  -664 3471141625097039492732983240642                 
  -662 5025125312181815632970526597180                 
  -660 7243542882098983434981206059188                 
  -658 10397349086916186619357016494324                
  -656 14862722260838678607038641041392                
  -654 21159909804418278584000169982431                
  -652 30005678959203454530066697908837                
  -650 42383883186785322508538802306730                
  -648 59640065890868277650941805747201                
  -646 83607850231811703652708683628679                
  -644 116777221070745047576072758348823               
  -642 162517836859755851561471268788225               
  -640 225374396351474130352320955397697               
  -638 311456053285618344674130013632012               
  -636 428948203285490596680582069423299               
  -634 588783010911199620342711480860922               
  -632 805515234617149600688725136778769               
  -630 1098462778767168784308139657229710              
  -628 1493187614663776397795195954573324              
  -626 2023413077439229201067556924918523              
  -624 2733499056062641290778892018071401              
 -622 3681628463776013651732427278339971              
 -620 4943898085996853586818978681147461              
 -618 6619556251599839890323797830934933              
 -616 8837690943888517894068051536537746              
 -614 11765747599618242717725443442924631             
 -612 15620349124166143608623739784742966             
 -610 20681005413838314114118775849301665             
 -608 27307440528591459268360003926065718             
 -606 35961438118912887480538172384110566             
 -604 47234316375930495200741591529841412             
 -602 61881400510921884754141966995280707             
 -600 80865172939598281077097345025661797             
 -598 105409160060046814416587181567608657            
 -596 137065072933571963972954497991644092            
 -594 177796272861789973193243104506452940            
 -592 230081300147993303091593049837134504            
 -590 297042006826435362882838984156507754            
 -588 382601797193164860236986060216366753            
 -586 491680633285763294340571851093296359            
 -584 630434840777981603614619496374195180            
 -582 806551394620020835668907988653093499            
 -580 1029608320378702623369717353611084966           
 -578 1311515171484442727868266363466349783           
 -576 1667050298115802682473031814151972575           
 -574 2114514883916173296011285580731906978           
 -572 2676527577247354411216256739752788673           
 -570 3380988082368739889866662567914348099           
 -568 4262243415708482231191335458357856402           
 -566 5362496802956011052060414273432628513           
 -564 6733506542722115321451690825099214867           
 -562 8438630762080838068556512395972227391           
 -560 10555284032673091462578647277787344400          
 -558 13177883524621572255384117893058397612          
 -556 16421376001171792763835648033552903090          
 -554 20425452785775394214066970199421898056          
 -552 25359578189486627649325486456868076481          
 -550 31428978136862284335134021356115035551          
 -548 38881760287278130722038241130609652205          
 -546 48017365282642976933416954704269675127          
 -544 59196581387294968005604012013389533781          
 -542 72853392311482139760389611368435567402          
 -540 89508971087789398389357391788796244017          
 -538 109788182240463168978557990376788447102         
 -536 134439010977724037247918176593912469033         
 -534 164355402668870846539469233163019863138         
 -532 200604069467472997799144574215973664283         
 -530 244455904749315467866035772841198878423         
 -528 297422741313332480678203101658226305241         
 -526 361300297445100824816913654801734034823         
 -524 438218277512002885421823447150831518086         
 -522 530698732452535081950805208229468445589         
 -520 641723942217180433264483052853610820739         
 -518 774815258978239084289654267367523254802         
 -516 934124549014357871870832981668175918756         
 -514 1124540095070199992988826119887337725330        
 -512 1351809072400655997313810110361195949013        
 -510 1622678993585815459756831076031703634243        
 -508 1945060832763057792464426223506417633519        
 -506 2328216892659915645900450822572388253299        
 -504 2782976871514766888745692938252505102702        
 -502 3321986025742863235267984814085128036464        
 -500 3959989812472513876560002816032661585357        
 -498 4714159938615821780532862574697453525218        
 -496 5604467345087663775290126617578890128506        
 -494 6654108321661039316554981788140915259046        
 -492 7889990685655152873749341587252597898964        
 -490 9343287772510893133352181809458073313659        
 -488 11050068885053754510674832292011839090433       
 -486 13052015838046272465685818458168906032159       
 -484 15397236323102847540239563686023096999600       
 -482 18141186014242126091094186529378877440742       
 -480 21347712644804808717311552408152753611761       
 -478 25090236721145890897811116216179710830425       
 -476 29453085106856794017318724682317817687466       
 -474 34532995423176615367379264890616454806524       
 -472 40440811077052193778230297019547237983570       
 -470 47303388758778485952610654201135020803240       
 -468 55265742457486751395762418195307395880139       
 -466 64493450436536993815710773329662690566344       
 -464 75175354204069381887482508419553415293073       
 -462 87526581318866381032366813534943173965688       
 -460 101791926900854016766870419904337005681512      
 -458 118249631981850638986946815104522509026693      
 -456 137215600348564139990437352531342742609084      
 -454 159048099309473675843277645107502799412719      
 -452 184152993873285680997323580071705411018126      
 -450 212989568172265022868769666086202195599197      
 -448 246076992611918094556676971044734476906163      
 -446 284001500192017960732624725449285381681613      
 -444 327424340735234918332206576286123027658788      
 -442 377090587390615713471034268171381685349403      
 -440 433838875761174581518491515887136316439860      
 -438 498612162348490202913737699122298324779256      
 -436 572469595722091989783673974684870066841452      
 -434 656599600916117524731749762497588963014319      
 -432 752334285037499201094436563265080550743692      
 -430 861165279944581683440250204263458578776041      
 -428 984761146126683884331043536663392884539675      
 -426 1124986470585891822421316733613159584012493     
 -424 1283922800592353065535761792326497139590274     
 -422 1463891564651206950337311883867207804404106     
 -420 1667479141878058700041481455389456076366574     
 -418 1897564251222723269040210685077472068370989     
 -416 2157347842596791634335303760780140750283246     
 -414 2450385682934928770005931902923803674048480     
 -412 2780623841534491377122826125307814360884099     
 -410 3152437290650832507160365524890191095860386     
 -408 3570671849250013020017577469259504441850672     
 -406 4040689710005445133742017518470426759118073     
 -404 4568418802034246205254877578144499550327812     
 -402 5160406254461607259969438263023506351960721     
 -400 5823876238630658098095930676862346034949143     
 -398 6566792479588797273595938693857326360683303     
 -396 7397925740320930651617616854460430684691527     
 -394 8326926595000983182646551281334675129096024     
 -392 9364403820224421255831306907786518240422416     
 -390 10522008745688697346974310816251266214649814    
 -388 11812525918021016421398960665054869232237486    
 -386 13249970443322144843265866574362494313941550    
 -384 14849692385402544252734042833585026318192619    
 -382 16628488607527122625727727785190298153645830    
 -380 18604722455644314587875388780017275177168889    
 -378 20798451690433746825649748446354964495769602    
 -376 23231565083936922656916742648044745063849380    
 -374 25927928103902576388390256270778119985259107    
 -372 28913538115141052565865406896609371273719184    
 -370 32216689531991964733434525911060390421847857    
 -368 35868149359311722811369380645306098687635070    
 -366 39901343561021402815003593961927569439548743    
 -364 44352554695054270606106019787614794699381351    
 -362 49261131251334240779103649506873715795473250    
 -360 54669709125025169142731966408001157946932714    
 -358 60624445650535640567974821620339804068918107    
 -356 67175266612461027641417223765765144599082137    
 -354 74376126637607779029374964675259873879561674    
 -352 82285283357286278009376595792723166729708863    
 -350 90965585710989708331976579356497459017479342    
 -348 100484776741209148740439971498275347512796114   
 -346 110915811204283169386989698884836609831307134   
 -344 122337188293659949516457360529266514553057311   
 -342 134833299739581970905775959667005149357352547   
 -340 148494793512813832438576088328091167780337246   
 -338 163418953319455898989055607005901381583507260   
 -336 179710094028962175022168537124572648748201007   
 -334 197479973128062051044126291442462187390530441   
 -332 216848218239236410472711391107668808229819832   
 -330 237942770683596686741545407358961568230823742   
 -328 260900345004353986987375637121615485947586933   
 -326 285866904298454834383329080329111881362155786   
 -324 312998151130330110782082170623212208438979581   
 -322 342460033723005189088238802117804832355965407   
 -320 374429267038025826626165848102995506551106962   
 -318 409093868266764866961233127148448313350176236   
 -316 446653706161714713228800186149942946424347503   
 -314 487321063537394135722019529319343641361163317   
 -312 531321212166590039504322821784402558993085617   
 -310 578892999188932437829444330174822696813451295   
 -308 630289444035415171667392366493434631499117572   
 -306 685778344754612648464426777312523275750651684   
 -304 745642892504227973468072293970556890297205663   
 -302 810182292845502807014438602407971533043465463   
 -300 879712392348226417007506948294620012598448207   
 -298 954566308880943950841497714040905996138070162   
 -296 1035095063824867026646784826601468668961216784  
 -294 1121668214311361038520037645724521700420573850  
 -292 1214674483442193910234333648297189067716515795  
 -290 1314522386309494674194485114219238354158601892  
 -288 1421640849489144947182254473542448242148764676  
 -286 1536479821537713166661538347208002857742978717  
 -284 1659510871879684208595975939673819343379208111  
 -282 1791227775329321658752797227794586193885981761  
 -280 1932147079350753481078304039726574921116747369  
 -278 2082808651021560665625404093303089147681551191  
 -276 2243776200530077108262451672500295181313297919  
 -274 2415637777905617818105437681013014604918963855  
 -272 2599006239554815409934451541771072088696476584  
 -270 2794519681057066335770222740273144517902329375  
 -268 3002841832558700757810352434891503748678738962  
 -266 3224662412999849948348269468515412272269552091  
 -264 3460697439311069694562280260511594964344146104  
 -262 3711689486629580822730436433188473124464522907  
 -260 3978407895508513966788412065426967971401832561  
 -258 4261648922027807512141701454412123525255109610  
 -256 4562235826663419639529213100046500791516915390  
 -254 4881018897733288508733848515935134800283717265  
 -252 5218875405215010612930618413353120037464327841  
 -250 5576709480722492788729700476926200266670784633  
 -248 5955451919437833467804272059721221451168740315  
 -246 6356059899821340824983665890756675096638461681  
 -244 6779516616967802324281073031441061714978879963  
 -242 7226830825541743274027356423743001538278667377  
 -240 7699036288309264597736496960800281855470105830  
 -238 8197191126389890038912415559250970137270839491  
 -236 8722377067479376003277517983552005855596389792  
 -234 9275698588444269295433583939251949291897772792  
 -232 9858281948861688704333991441955692844275080169  
 -230 10471274112273821813576440938614710265047667591 
 -228 11115841552146344294814671668772267020854317280 
 -226 11793168939763664005241732426102510900464602232 
 -224 12504457711561741709798110664854296829903220100 
 -222 13250924513691309810207406963596376060321603061 
 -220 14033799521920550238923686704900128601148084262 
 -218 14854324635326531888440785874272086200114618852 
 -216 15713751542588649859825238902086501956123051167 
 -214 16613339660084526194124061320873078704407983308 
 -212 17554353941398762855008561413073252133616656022 
 -210 18538062558286882888935830629645008129954721464 
 -208 19565734453589914506534272171124387226116488463 
 -206 20638636767068382075816870327352800200539356051 
 -204 21758032135616840234203368825306967118407603531 
 -202 22925175869830250189747111847520787698000695284 
 -200 24141313009420033773404853812617912574560994240 
 -198 25407675260518990205951321843702962664672933367 
 -196 26725477818468720298281434842441180523249163213 
 -194 28095916080248931262477355401575527837287988126 
 -192 29520162251283015383966375646332436283280730699 
 -190 30999361851936499540351376101441294090526748047 
 -188 32534630129612116644610082485539507610971709417 
 -186 34127048382935002327220201373091916168673614386 
 -184 35777660205111406817335011824781543033973650342 
 -182 37487467654131766088602295469062428476279814580 
 -180 39257427358071336964776062890001094988118969974 
 -178 41088446564316123231194906468933116405905346550 
 -176 42981379142105686188510324497903074231674762434 
 -174 44937021548334764775307238446893555481322564416 
 -172 46956108767089500195563537011689837308034234466 
 -170 49039310233908505656480389869164500746521307481 
 -168 51187225756251060073639549649943994683103747792 
 -166 53400381442121345828966869540292486988830854187 
 -164 55679225649235914204564544464570011832804614779 
 -162 58024124967528491991918824130244421754988884776 
 -160 60435360248158923901058729281605985668062546300 
 -158 62913122692528620078311217515931721652616472717 
 -156 65457510015100562767140381470612422334861260424 
 -154 68068522694075028500353836322263633371123177863 
 -152 70746060324180117877626461263046941158275858879 
 -150 73489918085996494699693933336337572340269838436 
 -148 76299783346346102615234515681102444919409747603 
 -146 79175232404332891556092051046776023969411466042 
 -144 82115727397627763837854508651642396777046774718 
 -142 85120613383538247081475203284955830664913370153 
 -140 88189115609294229916862720535747666440946114564 
 -138 91320336985813088796552673297161559241542299176 
 -136 94513255778979556151925842058610876101591879605 
 -134 97766723532186844351439835729692353501827811181 
 -132 101079463233535217950994767381161404827706002412
 -130 104450067740672039538845762628625370362680587151
 -128 107876998475783222169625387025087476607992745313
 -126 111358584402710211527886874073954173592140568769
 -124 114893021297569595614080395931790060010430222320
 -122 118478371323595001010947967265258258747531377187
 -120 122112562920204188898256320594655839789681181774
 -118 125793391015519623807038032913407202925770381637
 -116 129518517570739974036952558897626881169995718324
 -114 133285472463875041851855864073439102848992568274
 -112 137091654719419845448037834576140123451074252422
 -110 140934334089557614761211267489876352879572832367
 -108 144810652991449245073180264093004070109839427028
 -106 148717628804091488154167269677953554321131179628
 -104 152652156527111339367312417131649376560805556490
 -102 156611011802713455602116565716143214254546117428
 -100 160590854300815020842614763737289586031816550130
 -98  164588231466192509726625755578718824005110417593
 -96  168599582625231752922348018116410545689905221117
 -94  172621243448621254314661631755498930899608232456
 -92  176649450765063706889397623075013913765686549184
 -90  180680347719807124503851023345414334804826902766
 -88  184709989270520115822961844454836993339984324438
 -86  188734348011760859545272664334468600345542292845
 -84  192749320318021676943804039225051219136964708679
 -82  196750732794076189135666286566632739621311698583
 -80  200734349020119386870410938111257926495969067274
 -78  204695876577978041787846821270227365155555793370
 -76  208630974343485251795933050415739260582394382251
 -74  212535260028964003412181922336283150716324949648
 -72  216404317958655848727668150728242489411028903962
 -70  220233707058867438268265239939116753432426401741
 -68  224018969043594905593843895162722602184279578499
 -66  227755636775428997263370731859829653274240910089
 -64  231439242780647237722860311776480778570985578913
 -62  235065327896567963394723727554290421066350861081
 -60  238629450028479173935150754680787341376842561101
 -58  242127192992766995646082594415511355536460536616
 -56  245554175422258016638718637186756665219297839233
 -54  248906059709260416588210008464989011112056280795
 -52  252178560961343931846087174247515955921969744842
 -50  255367455944541180056102527509331019802269979009
 -48  258468591988385264055457100510232537344470972579
 -46  261477895827023048640452880852642647973411869628
 -44  264391382350561825656235584490541843676655322788
 -42  267205163240820613662574503779820620050894127528
 -40  269915455465767018813219760358203039242213385955
 -38  272518589607126925195189524154534798365769834028
 -36  275011017995957361597846064182572013415285425774
 -34  277389322631372343263921715209542854174514832430
 -32  279650222858106505126935385653926639311138224912
 -30  281790582779190678909571446049089185468432302288
 -28  283807418380695532472469529819462821392468026792
 -26  285697904346271863886565686403579576783758820575
 -24  287459380540076575858417769306958330413470075900
 -22  289089358137618782171226250385581694995536980368
 -20  290585525385087545338182664934125333440518428454
 -18  291945752968827651403824101559592341499523571680
 -16  293168098977808456994009798127815811425609407700
 -14  294250813443178702569694748022583123902482779608
 -12  295192342440312446212531000010477666502239358911
 -10  295991331740122792963791451046902292483826051055
 -8   296646629997845445702905137337304370467098023078
 -6   297157291468967591696095379150429718483291682434
 -4   297522578243493335435384374859973973852779892568
 -2   297741961991288657288348598909138559080623160539
 0    297815125212830405572610470595798309532265064868
 2    297741961991288657288348598909138559080623160539
 4    297522578243493335435384374859973973852779892568
 6    297157291468967591696095379150429718483291682434
 8    296646629997845445702905137337304370467098023078
 10   295991331740122792963791451046902292483826051055
 12   295192342440312446212531000010477666502239358911
 14   294250813443178702569694748022583123902482779608
 16   293168098977808456994009798127815811425609407700
 18   291945752968827651403824101559592341499523571680
 20   290585525385087545338182664934125333440518428454
 22   289089358137618782171226250385581694995536980368
 24   287459380540076575858417769306958330413470075900
 26   285697904346271863886565686403579576783758820575
 28   283807418380695532472469529819462821392468026792
 30   281790582779190678909571446049089185468432302288
 32   279650222858106505126935385653926639311138224912
 34   277389322631372343263921715209542854174514832430
 36   275011017995957361597846064182572013415285425774
 38   272518589607126925195189524154534798365769834028
 40   269915455465767018813219760358203039242213385955
 42   267205163240820613662574503779820620050894127528
 44   264391382350561825656235584490541843676655322788
 46   261477895827023048640452880852642647973411869628
 48   258468591988385264055457100510232537344470972579
 50   255367455944541180056102527509331019802269979009
 52   252178560961343931846087174247515955921969744842
 54   248906059709260416588210008464989011112056280795
 56   245554175422258016638718637186756665219297839233
 58   242127192992766995646082594415511355536460536616
 60   238629450028479173935150754680787341376842561101
 62   235065327896567963394723727554290421066350861081
 64   231439242780647237722860311776480778570985578913
 66   227755636775428997263370731859829653274240910089
 68   224018969043594905593843895162722602184279578499
 70   220233707058867438268265239939116753432426401741
 72   216404317958655848727668150728242489411028903962
 74   212535260028964003412181922336283150716324949648
 76   208630974343485251795933050415739260582394382251
 78   204695876577978041787846821270227365155555793370
 80   200734349020119386870410938111257926495969067274
 82   196750732794076189135666286566632739621311698583
 84   192749320318021676943804039225051219136964708679
 86   188734348011760859545272664334468600345542292845
 88   184709989270520115822961844454836993339984324438
 90   180680347719807124503851023345414334804826902766
 92   176649450765063706889397623075013913765686549184
 94   172621243448621254314661631755498930899608232456
 96   168599582625231752922348018116410545689905221117
 98   164588231466192509726625755578718824005110417593
 100  160590854300815020842614763737289586031816550130
 102  156611011802713455602116565716143214254546117428
 104  152652156527111339367312417131649376560805556490
 106  148717628804091488154167269677953554321131179628
 108  144810652991449245073180264093004070109839427028
 110  140934334089557614761211267489876352879572832367
 112  137091654719419845448037834576140123451074252422
 114  133285472463875041851855864073439102848992568274
 116  129518517570739974036952558897626881169995718324
 118  125793391015519623807038032913407202925770381637
 120  122112562920204188898256320594655839789681181774
 122  118478371323595001010947967265258258747531377187
 124  114893021297569595614080395931790060010430222320
 126  111358584402710211527886874073954173592140568769
 128  107876998475783222169625387025087476607992745313
 130  104450067740672039538845762628625370362680587151
 132  101079463233535217950994767381161404827706002412
 134  97766723532186844351439835729692353501827811181 
 136  94513255778979556151925842058610876101591879605 
 138  91320336985813088796552673297161559241542299176 
 140  88189115609294229916862720535747666440946114564 
 142  85120613383538247081475203284955830664913370153 
 144  82115727397627763837854508651642396777046774718 
 146  79175232404332891556092051046776023969411466042 
 148  76299783346346102615234515681102444919409747603 
 150  73489918085996494699693933336337572340269838436 
 152  70746060324180117877626461263046941158275858879 
 154  68068522694075028500353836322263633371123177863 
 156  65457510015100562767140381470612422334861260424 
 158  62913122692528620078311217515931721652616472717 
 160  60435360248158923901058729281605985668062546300 
 162  58024124967528491991918824130244421754988884776 
 164  55679225649235914204564544464570011832804614779 
 166  53400381442121345828966869540292486988830854187 
 168  51187225756251060073639549649943994683103747792 
 170  49039310233908505656480389869164500746521307481 
 172  46956108767089500195563537011689837308034234466 
 174  44937021548334764775307238446893555481322564416 
 176  42981379142105686188510324497903074231674762434 
 178  41088446564316123231194906468933116405905346550 
 180  39257427358071336964776062890001094988118969974 
 182  37487467654131766088602295469062428476279814580 
 184  35777660205111406817335011824781543033973650342 
 186  34127048382935002327220201373091916168673614386 
 188  32534630129612116644610082485539507610971709417 
 190  30999361851936499540351376101441294090526748047 
 192  29520162251283015383966375646332436283280730699 
 194  28095916080248931262477355401575527837287988126 
 196  26725477818468720298281434842441180523249163213 
 198  25407675260518990205951321843702962664672933367 
 200  24141313009420033773404853812617912574560994240 
 202  22925175869830250189747111847520787698000695284 
 204  21758032135616840234203368825306967118407603531 
 206  20638636767068382075816870327352800200539356051 
 208  19565734453589914506534272171124387226116488463 
 210  18538062558286882888935830629645008129954721464 
 212  17554353941398762855008561413073252133616656022 
 214  16613339660084526194124061320873078704407983308 
 216  15713751542588649859825238902086501956123051167 
 218  14854324635326531888440785874272086200114618852 
 220  14033799521920550238923686704900128601148084262 
 222  13250924513691309810207406963596376060321603061 
 224  12504457711561741709798110664854296829903220100 
 226  11793168939763664005241732426102510900464602232 
 228  11115841552146344294814671668772267020854317280 
 230  10471274112273821813576440938614710265047667591 
 232  9858281948861688704333991441955692844275080169  
 234  9275698588444269295433583939251949291897772792  
 236  8722377067479376003277517983552005855596389792  
 238  8197191126389890038912415559250970137270839491  
 240  7699036288309264597736496960800281855470105830  
 242  7226830825541743274027356423743001538278667377  
 244  6779516616967802324281073031441061714978879963  
 246  6356059899821340824983665890756675096638461681  
 248  5955451919437833467804272059721221451168740315  
 250  5576709480722492788729700476926200266670784633  
 252  5218875405215010612930618413353120037464327841  
 254  4881018897733288508733848515935134800283717265  
 256  4562235826663419639529213100046500791516915390  
 258  4261648922027807512141701454412123525255109610  
 260  3978407895508513966788412065426967971401832561  
 262  3711689486629580822730436433188473124464522907  
 264  3460697439311069694562280260511594964344146104  
 266  3224662412999849948348269468515412272269552091  
 268  3002841832558700757810352434891503748678738962  
 270  2794519681057066335770222740273144517902329375  
 272  2599006239554815409934451541771072088696476584  
 274  2415637777905617818105437681013014604918963855  
 276  2243776200530077108262451672500295181313297919  
 278  2082808651021560665625404093303089147681551191  
 280  1932147079350753481078304039726574921116747369  
 282  1791227775329321658752797227794586193885981761  
 284  1659510871879684208595975939673819343379208111  
 286  1536479821537713166661538347208002857742978717  
 288  1421640849489144947182254473542448242148764676  
 290  1314522386309494674194485114219238354158601892  
 292  1214674483442193910234333648297189067716515795  
 294  1121668214311361038520037645724521700420573850  
 296  1035095063824867026646784826601468668961216784  
 298  954566308880943950841497714040905996138070162   
 300  879712392348226417007506948294620012598448207   
 302  810182292845502807014438602407971533043465463   
 304  745642892504227973468072293970556890297205663   
 306  685778344754612648464426777312523275750651684   
 308  630289444035415171667392366493434631499117572   
 310  578892999188932437829444330174822696813451295   
 312  531321212166590039504322821784402558993085617   
 314  487321063537394135722019529319343641361163317   
 316  446653706161714713228800186149942946424347503   
 318  409093868266764866961233127148448313350176236   
 320  374429267038025826626165848102995506551106962   
 322  342460033723005189088238802117804832355965407   
 324  312998151130330110782082170623212208438979581   
 326  285866904298454834383329080329111881362155786   
 328  260900345004353986987375637121615485947586933   
 330  237942770683596686741545407358961568230823742   
 332  216848218239236410472711391107668808229819832   
 334  197479973128062051044126291442462187390530441   
 336  179710094028962175022168537124572648748201007   
 338  163418953319455898989055607005901381583507260   
 340  148494793512813832438576088328091167780337246   
 342  134833299739581970905775959667005149357352547   
 344  122337188293659949516457360529266514553057311   
 346  110915811204283169386989698884836609831307134   
 348  100484776741209148740439971498275347512796114   
 350  90965585710989708331976579356497459017479342    
 352  82285283357286278009376595792723166729708863    
 354  74376126637607779029374964675259873879561674    
 356  67175266612461027641417223765765144599082137    
 358  60624445650535640567974821620339804068918107    
 360  54669709125025169142731966408001157946932714    
 362  49261131251334240779103649506873715795473250    
 364  44352554695054270606106019787614794699381351    
 366  39901343561021402815003593961927569439548743    
 368  35868149359311722811369380645306098687635070    
 370  32216689531991964733434525911060390421847857    
 372  28913538115141052565865406896609371273719184    
 374  25927928103902576388390256270778119985259107    
 376  23231565083936922656916742648044745063849380    
 378  20798451690433746825649748446354964495769602    
 380  18604722455644314587875388780017275177168889    
 382  16628488607527122625727727785190298153645830    
 384  14849692385402544252734042833585026318192619    
 386  13249970443322144843265866574362494313941550    
 388  11812525918021016421398960665054869232237486    
 390  10522008745688697346974310816251266214649814    
 392  9364403820224421255831306907786518240422416     
 394  8326926595000983182646551281334675129096024     
 396  7397925740320930651617616854460430684691527     
 398  6566792479588797273595938693857326360683303     
 400  5823876238630658098095930676862346034949143     
 402  5160406254461607259969438263023506351960721     
 404  4568418802034246205254877578144499550327812     
 406  4040689710005445133742017518470426759118073     
 408  3570671849250013020017577469259504441850672     
 410  3152437290650832507160365524890191095860386     
 412  2780623841534491377122826125307814360884099     
 414  2450385682934928770005931902923803674048480     
 416  2157347842596791634335303760780140750283246     
 418  1897564251222723269040210685077472068370989     
 420  1667479141878058700041481455389456076366574     
 422  1463891564651206950337311883867207804404106     
 424  1283922800592353065535761792326497139590274     
 426  1124986470585891822421316733613159584012493     
 428  984761146126683884331043536663392884539675      
 430  861165279944581683440250204263458578776041      
 432  752334285037499201094436563265080550743692      
 434  656599600916117524731749762497588963014319      
 436  572469595722091989783673974684870066841452      
 438  498612162348490202913737699122298324779256      
 440  433838875761174581518491515887136316439860      
 442  377090587390615713471034268171381685349403      
 444  327424340735234918332206576286123027658788      
 446  284001500192017960732624725449285381681613      
 448  246076992611918094556676971044734476906163      
 450  212989568172265022868769666086202195599197      
 452  184152993873285680997323580071705411018126      
 454  159048099309473675843277645107502799412719      
 456  137215600348564139990437352531342742609084      
 458  118249631981850638986946815104522509026693      
 460  101791926900854016766870419904337005681512      
 462  87526581318866381032366813534943173965688       
 464  75175354204069381887482508419553415293073       
 466  64493450436536993815710773329662690566344       
 468  55265742457486751395762418195307395880139       
 470  47303388758778485952610654201135020803240       
 472  40440811077052193778230297019547237983570       
 474  34532995423176615367379264890616454806524       
 476  29453085106856794017318724682317817687466       
 478  25090236721145890897811116216179710830425       
 480  21347712644804808717311552408152753611761       
 482  18141186014242126091094186529378877440742       
 484  15397236323102847540239563686023096999600       
 486  13052015838046272465685818458168906032159       
 488  11050068885053754510674832292011839090433       
 490  9343287772510893133352181809458073313659        
 492  7889990685655152873749341587252597898964        
 494  6654108321661039316554981788140915259046        
 496  5604467345087663775290126617578890128506        
 498  4714159938615821780532862574697453525218        
 500  3959989812472513876560002816032661585357        
 502  3321986025742863235267984814085128036464        
 504  2782976871514766888745692938252505102702        
 506  2328216892659915645900450822572388253299        
 508  1945060832763057792464426223506417633519        
 510  1622678993585815459756831076031703634243        
 512  1351809072400655997313810110361195949013        
 514  1124540095070199992988826119887337725330        
 516  934124549014357871870832981668175918756         
 518  774815258978239084289654267367523254802         
 520  641723942217180433264483052853610820739         
 522  530698732452535081950805208229468445589         
 524  438218277512002885421823447150831518086         
 526  361300297445100824816913654801734034823         
 528  297422741313332480678203101658226305241         
 530  244455904749315467866035772841198878423         
 532  200604069467472997799144574215973664283         
 534  164355402668870846539469233163019863138         
 536  134439010977724037247918176593912469033         
 538  109788182240463168978557990376788447102         
 540  89508971087789398389357391788796244017          
 542  72853392311482139760389611368435567402          
 544  59196581387294968005604012013389533781          
 546  48017365282642976933416954704269675127          
 548  38881760287278130722038241130609652205          
 550  31428978136862284335134021356115035551          
 552  25359578189486627649325486456868076481          
 554  20425452785775394214066970199421898056          
 556  16421376001171792763835648033552903090          
 558  13177883524621572255384117893058397612          
 560  10555284032673091462578647277787344400          
 562  8438630762080838068556512395972227391           
 564  6733506542722115321451690825099214867           
 566  5362496802956011052060414273432628513           
 568  4262243415708482231191335458357856402           
 570  3380988082368739889866662567914348099           
 572  2676527577247354411216256739752788673           
 574  2114514883916173296011285580731906978           
 576  1667050298115802682473031814151972575           
 578  1311515171484442727868266363466349783           
 580  1029608320378702623369717353611084966           
 582  806551394620020835668907988653093499            
 584  630434840777981603614619496374195180            
 586  491680633285763294340571851093296359            
 588  382601797193164860236986060216366753            
 590  297042006826435362882838984156507754            
 592  230081300147993303091593049837134504            
 594  177796272861789973193243104506452940            
 596  137065072933571963972954497991644092            
 598  105409160060046814416587181567608657            
 600  80865172939598281077097345025661797             
 602  61881400510921884754141966995280707             
 604  47234316375930495200741591529841412             
 606  35961438118912887480538172384110566             
 608  27307440528591459268360003926065718             
 610  20681005413838314114118775849301665             
 612  15620349124166143608623739784742966             
 614  11765747599618242717725443442924631             
 616  8837690943888517894068051536537746              
 618  6619556251599839890323797830934933              
 620  4943898085996853586818978681147461              
 622  3681628463776013651732427278339971              
 624  2733499056062641290778892018071401              
 626  2023413077439229201067556924918523              
 628  1493187614663776397795195954573324              
 630  1098462778767168784308139657229710              
 632  805515234617149600688725136778769               
 634  588783010911199620342711480860922               
 636  428948203285490596680582069423299               
 638  311456053285618344674130013632012               
 640  225374396351474130352320955397697               
 642  162517836859755851561471268788225               
 644  116777221070745047576072758348823               
 646  83607850231811703652708683628679                
 648  59640065890868277650941805747201                
 650  42383883186785322508538802306730                
 652  30005678959203454530066697908837                
 654  21159909804418278584000169982431                
 656  14862722260838678607038641041392                
 658  10397349086916186619357016494324                
 660  7243542882098983434981206059188                 
 662  5025125312181815632970526597180                 
 664  3471141625097039492732983240642                 
 666  2387196909160152294796698138401                 
 668  1634384512926380914020339989600                 
 670  1113854822161608174379233314729                 
 672  755558622136278149760792837343                  
 674  510068344779494186202491875313                  
 676  342659736592874538864079550390                  
 678  229046966974369430465075095594                  
 680  152322254836918960249388084431                  
 682  100769322994052133152142369461                  
 684  66308080972580564951686444398                   
 686  43393306757852757201297771886                   
 688  28238407271619854991638920243                   
 690  18270888482920767634231735831                   
 692  11752215827064103689362785827                   
 694  7513749451737268050103294725                    
 696  4774240171294881072832485588                    
 698  3014349017301702050376617210                    
 700  1890831705207242473361736785                    
 702  1178169314341087174951584810                    
 704  729088700078760369298641290                     
 706  448012292580535348542597393                     
 708  273307795315953767758843754                     
 710  165492608036068144877671877                     
 712  99443812914412953567960763                      
 714  59286185183647355175524646                      
 716  35059477235027508472103720                      
 718  20560257064802123717691120                      
 720  11953989404781416841630557                      
 722  6888794122465100193552464                       
 724  3933677418084721604516211                       
 726  2225116105940089157333666                       
 728  1246441245135911703029158                       
 730  691219687914402810175054                        
 732  379348312887753183378165                        
 734  205959923955331127960026                        
 736  110582415395780658274541                        
 738  58691521380270098397869                         
 740  30779952871589341904679                         
 742  15943018738613762463458                         
 744  8152267990973369497843                          
 746  4113149122174136840768                          
 748  2046576164412289691966                          
 750  1003675835747664811367                          
 752  484852644552675807570                           
 754  230567435478041988185                           
 756  107859915038504866755                           
 758  49599473032954018083                            
 760  22403030544539751121                            
 762  9930737238992525108                             
 764  4316236494891290403                             
 766  1837598373793108758                             
 768  765517615143330932                              
 770  311686119050011958                              
 772  123877354366230717                              
 774  47993621171581412                               
 776  18098437219949592                               
 778  6632076484297117                                
 780  2357331709694072                                
 782  811114696505625                                 
 784  269565581279715                                 
 786  86314483678430                                  
 788  26553558780617                                  
 790  7823584303472                                   
 792  2199717843602                                   
 794  587774258402                                    
 796  148545224987                                    
 798  35308785736                                     
 800  7841707642                                      
 802  1614351753                                      
 804  305103058                                       
 806  52303783                                        
 808  8009350                                         
 810  1073668                                         
 812  122549                                          
 814  11439                                           
 816  819                                             
 818  40                                              
 820  1                                     