 -903 1                                                  
   -901 42                                                 
   -899 902                                                
   -897 13201                                              
   -895 148049                                             
   -893 1356565                                            
   -891 10574431                                           
   -889 72096080                                           
   -887 438720787                                          
  -885 2419697247                                         
  -883 12242381349                                        
  -881 57373851187                                        
  -879 251050546012                                       
  -877 1032501499239                                      
  -875 4013670296068                                      
  -873 14818423396369                                     
  -871 52176735277287                                     
  -869 175849530836635                                    
  -867 569087907675698                                    
  -865 1773440981020386                                   
  -863 5335125764059146                                   
  -861 15528887031395023                                  
  -859 43821085518680492                                  
  -857 120106905177547373                                 
  -855 320270079202644971                                 
  -853 832119372277754527                                 
  -851 2109486280496195015                                
  -849 5224451562507744261                                
  -847 12655653339410583910                               
  -845 30017592355305948667                               
  -843 69782561915741064545                               
  -841 159147004509130198506                              
  -839 356371362141024199222                              
  -837 784163155250960188123                              
  -835 1696807592913571984594                             
  -833 3613127866323848592432                             
  -831 7576024304146414892236                             
  -829 15652069864143118032808                            
  -827 31880383415113190671223                            
  -825 64051715704697025773096                            
  -823 127003000865870202779648                           
  -821 248645807407313478184069                           
  -819 480871029344537411863030                           
  -817 919056175237092473501976                           
  -815 1736589634017400718518228                          
  -813 3245342780712111773697276                          
  -811 6000537172542734531771494                          
  -809 10980847670313446445983161                         
  -807 19894835586168879955628021                         
  -805 35697617624489413598512212                         
  -803 63454389067591363725620119                         
  -801 111771417575495435650964335                        
  -799 195147923318427006592352876                        
  -797 337810614245005889558772685                        
  -795 579917118085997542239142534                        
  -793 987516229963056603477700871                        
  -791 1668423137156066644983000958                       
  -789 2797342336929602011728751364                       
  -787 4655350236781863370630058971                       
  -785 7691527450975099036440492341                       
  -783 12618536370375221295547704351                      
  -781 20559894307075964924753748231                      
  -779 33275492415068421180386078002                      
  -777 53504839974789156077927711309                      
  -775 85486403361549264151127883734                      
  -773 135738855231164047800168260986                     
  -771 214229714372226815465309746352                     
  -769 336113880270706776858332760929                     
  -767 524306127140690099468848877014                     
  -765 813267697002122439242570922870                     
  -763 1254551521694319904396996653996                    
  -761 1924882313346639826282613665205                    
  -759 2937872841559500519248777950575                    
  -757 4460931714479852894839940342054                    
  -755 6739549209379024032120436686038                    
  -753 10132021526101375993263619489811                   
  -751 15158878355034688788396424487429                   
  -749 22572932091639625398025587004511                   
  -747 33458127450291349500227778258902                   
  -745 49368448114965163948814069577739                   
  -743 72522311649472544719234060617153                   
  -741 106073524246800825379423936189590                  
  -739 154487459058244813036449348435282                  
  -737 224061303584635605025615490360857                  
  -735 323640826900955914768797573522859                  
  -733 465604233087519207669406672757025                  
  -731 667207704579642541377873266400241                  
  -729 952419025233009577936892550119736                  
  -727 1354407565019460729021670078995281                 
  -725 1918913938194110380591918016418776                 
  -723 2708794701561440638489676148463759                 
  -721 3810131507391917700511742504081429                 
  -719 5340416497665101831967873946243160                 
  -717 7459484466335239114183176615047194                 
  -715 10384067614002791697257573845186910                
  -713 14407113446091850645965254926635612                
  -711 19923346734114687894407858527957965                
  -709 27462992834640333393437069153791188                
  -707 37736137552428216831223846935438583                
 -705 51690910012672026024256135411828404                
 -703 70589579381811696144819508312430475                
 -701 96107803095293191735885688352521996                
 -699 130463714683662185672776586099508098               
 -697 176585368966468699818717969132344551               
 -695 238327364584852168977511083437326797               
 -693 320750353329084329220631182365524467               
 -691 430480763335942669937371622238004420               
 -689 576172581438609588167877348120022873               
 -687 769098669407911247106495660832808076               
 -685 1023906086256420761450521101970412574              
 -683 1359578566343140826750007854199474543              
 -681 1800660039412503740598901299310662242              
 -679 2378806332323860789287254214676148899              
 -677 3134748516727786004196696014976198874              
 -675 4120771429573000964884498774951262477              
 -673 5403835496516569938489445997051159252              
 -671 7069500095026336906158516349036728207              
 -669 9226843457408422978141749450594308204              
 -667 12014618912329155796317949126994767237             
 -665 15608941740288487848482492527685999338             
 -663 20232867030287989270500801499971748729             
 -661 26168298995504998188108415544503702047             
 -659 33770768990169619620539115625591812340             
 -657 43487736227858453486079037922558773942             
 -655 55881205782723309950988729177383451959             
 -653 71655627397324871828760763550653358931             
 -651 91692241262046211007512399585511628906             
 -649 117091279540161525831962807068960586368            
 -647 149223722337050084284188701228028664792            
 -645 189794652648103737473302691885762972892            
 -643 240920666606759870787932015442652822944            
 -641 305224284794980892298291455260276962718            
 -639 385948891092142720458610569408387153326            
 -637 487098413344634239417939712026554728492            
 -635 613606773382362703711775451489700877292            
 -633 771543093825751209639932970432253407979            
 -631 968359780258192878197972501192515642300            
 -629 1213191927995299198848279017300725646989           
 -627 1517218065469366342744191089441888907071           
 -625 1894094078654322967207808323152176203471           
 -623 2360474306015100980798327170347194425841           
 -621 2936636300489095632507777450367463527695           
 -619 3647228680414712560890487890924228208543           
 -617 4522164899555591827819269182236799311425           
 -615 5597689730917926773503751743090928190721           
 -613 6917649863592924511998865525764638222848           
 -611 8535005351487545295803157762963723509829           
 -609 10513624835477503140137935793521741272590          
 -607 12930414608541035189572892060500918480779          
 -605 15877839845190207032438968741222616744100          
 -603 19466905828320335353669767962668243612013          
 -601 23830677954740054314081886422914507532852          
 -599 29128431883644073932956859382718224201829          
 -597 35550539633351601980697745342834371770080          
 -595 43324213981327561729968104004784298404056          
 -593 52720252461695863831895046505412818659674          
 -591 64060943897483260909984499823858488056961          
 -589 77729325102966258941901304071706631615679          
 -587 94180003536670072607120175618965399277905          
 -585 113951793714441829201588732572158778150826         
 -583 137682451590325890749880945324416584432294         
 -581 166125832420224760589193118037907156939901         
 -579 200171844437883492389496531038431053535950         
 -577 240869623657182541986100727336111771196938         
 -575 289454415001692269523225739555837995031712         
 -573 347378712560774401099823432702608614359780         
 -571 416348287972846472746304917218427604576954         
 -569 498363821722167923025009815880146474730907         
 -567 595768948584254053426251498813862339662390         
 -565 711305636750369324384507571057291989458537         
 -563 848177941600327609120487006112314663329795         
 -561 1010125311093767047691755826831237782336421        
 -559 1201506771862876376582623940725513643087401        
 -557 1427397495004382247247898404321307871251716        
 -555 1693699430125932355186139796732193994887124        
 -553 2007267907402848398241488071078303119922323        
 -551 2376056342417731983956353715837193364495136        
 -549 2809281439741774417860436271098515385945560        
 -547 3317611581120245104148143782859615578862223        
 -545 3913381405497527484977712253648549203196011        
 -543 4610835943927456723396380907683241831232113        
 -541 5426408065858725438358006780994271097767049        
 -539 6379033427798572099211149460901042800018173        
 -537 7490507594628063239402843161312043735062298        
 -535 8785890531819250337161647617360206658548385        
 -533 10293964247712953948902287938903793526448959       
 -531 12047750003365995562955106508008533708663208       
 -529 14085092208074529293163402516283553636554110       
 -527 16449316886637982893373603579695640609844767       
 -525 19189973445173642897915487403146389092887729       
 -523 22363669381576525794103938119501097176119307       
 -521 26035008590625374883830213174682727210232184       
 -519 30277645008683084366737834396826316616030751       
 -517 35175464535690032330790146444888865380609508       
 -515 40823909469807887409902619323109425992039106       
 -513 47331461100091412554188763823589234694262456       
 -511 54821297632743310786862463641089369314959795       
 -509 63433146284980187304072373523970768611730463       
 -507 73325350175779340875355797135122231433276583       
 -505 84677172583585578571531470844687873090474495       
 -503 97691363236547707111649342748721130087190734       
 -501 112597013560437098483848271897065581735505549      
 -499 129652730242765699399033971159131907437778148      
 -497 149150159088712981526550113073350803073183832      
 -495 171417893955462446165654093792593225378913390      
 -493 196825808566804314987529218298037472586200748      
 -491 225789852239904052121674343817632194188530551      
 -489 258777354011601366459357067805332446030738379      
 -487 296312883343190246270823938368361308242776905      
 -485 338984719521045210562638297759920235814442233      
 -483 387451986066357766201282552312859885332373044      
 -481 442452510931165189848373643000776917594403218      
 -479 504811478000131300168284996864631122342700929      
 -477 575450940448238985693343100792886494854867345      
 -475 655400271833373851870155450344542284051165677      
 -473 745807636438951414657648875301523682976964233      
 -471 847952566333933289678967906745767680500607793      
 -469 963259738893777480035614727648801523632309183      
 -467 1093314055133260735183041432379994150087417869     
 -465 1239877126146955278697612041030338561477802383     
 -463 1404905282240631667286639180312972388054531920     
 -461 1590569226970979154216526940758247813147424503     
 -459 1799275466294409126048509140035083407394194393     
 -457 2033689651359440356908095783951700275501048966     
 -455 2296761982160674537036710210986902018065554348     
 -453 2591754828303213731872323838292917094306129801     
 -451 2922272732500064130625635223577049437812356581     
 -449 3292294972134901359214121357495128037063983814     
 -447 3706210864259411344162134604032923657362350176     
 -445 4168858009746521101306959997525673189571266295     
 -443 4685563682973633524030920392160461312516653150     
 -441 5262189584345897050023533045774233393044255162     
 -439 5905180184167767258463398214283366901903184871     
 -437 6621614897807413093151091540076198000831975224     
 -435 7419264343745007076190546000793153327567299321     
 -433 8306650947920894775227894881612476507901067728     
 -431 9293114169767296984518941837258579733757129040     
 -429 10388880637377549296670315675854972698490896509    
 -427 11605139491395485362970368570065825213652130903    
 -425 12954123249345363225125442377483516686898114689    
 -423 14449194514215870260646594951534435702904467197    
 -421 16104938863101422398198722523341285901967966104    
 -419 17937264263526300105038285739384274658287148637    
 -417 19963507376663010595719782300422196926357226750    
 -415 22202547117931163724833850006106744474966506924    
 -413 24674925856347194292798998443489365680043864471    
 -411 27402978644403048043426174292827945450487401590    
 -409 30410970880092516392216171320972056675726478516    
 -407 33725244811880735667300389131727018554782083011    
 -405 37374375305823390328471959898953642587590583132    
 -403 41389335301579803635823832971368456658714057989    
 -401 45803671390615371010426225529922843049124510982    
 -399 50653689955335398879171818591505744702478433773    
 -397 55978654312110924531115279552600956347894887035    
 -395 61820993304019144736763940874118782174136491826    
 -393 68226521790493620271216499669228043744131372122    
 -391 75244673480825006718788870783757834931966681975    
 -389 82928746556430199553016880376600793928915258748    
 -387 91336162522871333823559956371197894297168960408    
 -385 100528738726607704792046584371260568382157932065   
 -383 110572974963252336266930672020864116094134021000   
 -381 121540354593527439512529191376307989785172221787   
 -379 133507660570014674884554708152561454234531390983   
 -377 146557306762021397303068624919821487698053488611   
 -375 160777684947277261828715341211097845462906448740   
 -373 176263527817581682383528002488094523053874583786   
 -371 193116288320788186107207649522281365918241531910   
 -369 211444535633485618544389525408221073221398500794   
 -367 231364368027270740976298416604923340881624607581   
 -365 252999842856458725227014729378393032773020530442   
 -363 276483423856309559550411105347505843423589869775   
 -361 301956445898228177946142232417598299445822811861   
 -359 329569597301800706058174708169001625061008327515   
 -357 359483419752844026413520247019965910442124614991   
 -355 391868825821766556126304316401583334344954728210   
 -353 426907634017371844542769334826548764883524966853   
 -351 464793121247703288150208867863636838428489453177   
 -349 505730592491562027811645100868065788490043144839   
 -347 549937967411880554428095929331914058298373721468   
 -345 597646383565168207048350858995130954354375461448   
 -343 649100815779746375098174193914564978715973445585   
 -341 704560711189465235423601328011751518331800669149   
 -339 764300639319065705477035744477723075581591130803   
 -337 828610956522367786660841913526088101579441055490   
 -335 897798483975101111590517814155559640792228003857   
 -333 972187198320541783141557161914845734891623371983   
 -331 1052118933958304212422152984261987996918635501140  
 -329 1137954095854807746222152551005181083806575731650  
 -327 1230072381638274066601474275667237579158990479928  
 -325 1328873511621820855924829774861711656496735036963  
 -323 1434777965275538775733263520131558581791244424847  
 -321 1548227722542642500293759377565384719686671557906  
 -319 1669687008266174575286952090350060533525547126461  
 -317 1799643037861648163128196242976314997335969512422  
 -315 1938606762237809421700844323169489786237244415534  
 -313 2087113609832784023896216120516486861161816424560  
 -311 2245724223496680575008449843119846314233249185235  
 -309 2415025189814725588579243148614203513380024702757  
 -307 2595629758327702997233520374628028086703519967536  
 -305 2788178547969401912299129019768550864698327488536  
 -303 2993340237904508225679075826853506942394449886265  
 -301 3211812239815509361183402307877021632736578469206  
 -299 3444321348554348739468375348118494595983502131194  
 -297 3691624367944428876123876179061338696952415450740  
 -295 3954508708391809491779523016604398865687999785192  
 -293 4233792952841796406573526737693558069459334219363  
 -291 4530327387499310114672136009408266304653143821954  
 -289 4844994493619224453184790249430458957370681512289  
 -287 5178709396567060894886659508946467668730304698694  
 -285 5532420268251815869716997952896143326059310556174  
 -283 5907108678942105472910217170897466134152177068923  
 -281 6303789894395064372164850306955668805471138960237  
 -279 6723513114155372937980748780182753423767786834377  
 -277 7167361646820253175183027006698171520627623779434  
 -275 7636453018016116124236162856743625543157542079330  
 -273 8131939006794604903072424925503415551149701798213  
 -271 8655005606130895900965825162347581319863286704181  
 -269 9206872903196122480468382343506560553283545500713  
 -267 9788794875079482307473723336279831941345076440924  
 -265 10402059095654772636139517379214551565028668613525 
 -263 11047986349321534371835508911889601773922783537247 
 -261 11727930147403412789394143074311383306481507934622 
 -259 12443276143056463081521155702431337308785872046097 
 -257 13195441440628605476894061912838875041589454837128 
 -255 13985873795518885727281766521663310992533657190172 
 -253 14816050700712190589010127034829257899800360555288 
 -251 15687478356312117667589451686322866448294003130350 
 -249 16601690518562257550771105057003612736121089648132 
 -247 17560247225034601083951833125903724076250531786186 
 -245 18564733392873453171242164792374709610395385426852 
 -243 19616757287214358635971031994612462354964915095916 
 -241 20717948857150287529166889360548084373419751277290 
 -239 21869957936891764432092506583650104642697062101667 
 -237 23074452310063747538992610812724960505561194138167 
 -235 24333115635399764502917239808322178138423090769670 
 -233 25647645232432892342069477801181032383984314183987 
 -231 27019749726143327090704143967466929880642124669182 
 -229 28451146549903120935090220552605182941106448220162 
 -227 29943559306459659771341482553317010764703277724306 
 -225 31498714987119993436413667676040704043602694764708 
 -223 33118341049737484858125505120539363003909503548637 
 -221 34804162356559571732285557113073226285199128926153 
 -219 36557897973469780915196868280774516461204627147635 
 -217 38381257832647434088305722883920297332800987682847 
 -215 40275939261173552800424320668273288992601860015915 
 -213 42243623378630018602444822421980241062117480349866 
 -211 44285971367269665281536658437692375183399206859962 
 -209 46404620618876161393439083720262346686678463778125 
 -207 48601180762982661664598639333609063376312500282531 
 -205 50877229581675540834097026105370858326335128835405 
 -203 53234308816772248464857843443688868587182650212363 
 -201 55673919875728517773948930588721000744381682436819 
 -199 58197519443197814486280479865337829085335891668792 
 -197 60806515005732926900693124806311449473243238749543 
 -195 63502260297683800771708327622402860427607623967897 
 -193 66286050676904865359405061219779857601412161614648 
 -191 69159118439436868806194156754295253970353651520793 
 -189 72122628082870274303321364258413330458423778425739 
 -187 75177671528627148141449028158757088535958131393566 
 -185 78325263313913743131616912792500129476056081631602 
 -183 81566335764594163799818627199522859687501103484415 
 -181 84901734160714092505598840407265356255189661028861 
 -179 88332211906860049711196371544233715257375994561961 
 -177 91858425719971551780607155623859150574032256157097 
 -175 95480930847628325328310362532025952086941088715340 
 -173 99200176330209974063520391312658798272913152682060 
 -171 103016500320668746457094652863742310182961099283946
 -169 106930125475964945124001672365379482856091549552120
 -167 110941154434486739190631109815238533387729623190965
 -165 115049565394009452051106537750887333297354538254255
 -163 119255207804941649531207574911119454834920457700486
 -161 123557798193754498480367779796086710525505308180847
 -159 127956916131594966606255923843948611744346140074064
 -157 132452000363140678993901160940380699468297596777875
 -155 137042345110762959790702641944978228539210883319884
 -153 141727096569023241699102630468682798589706081931177
 -151 146505249604435253256757395005524031637993431923718
 -149 151375644675279996575101487397609261831912073518825
 -147 156336964986061488803148945236392784736433918879598
 -145 161387733890937731689124134227444675285977568967976
 -143 166526312560152766915454103854417549466416651044286
 -141 171750897923131549470805641035538109041971087829621
 -139 177059520901479521229802800662450824296539427571704
 -137 182450044944653207828384553014660473633367238400942
 -135 187920164880537137023674121432725462866834206399302
 -133 193467406092576361548755350387216380019101172770147
 -131 199089124034473575807478042624980948036583190918830
 -129 204782504092766194507211172452490458428804357398745
 -127 210544561806853004297086190776157670896435913852292
 -125 216372143455243540029781279903918735586051847775307
 -123 222261927015957849857036557352661904089437379014652
 -121 228210423508111711927368530234533683459656834976981
 -119 234213978720784800551464961763055473544954903162174
 -117 240268775334289154546354224022104050408830442219917
 -115 246370835437935185698716178186843040615619354097895
 -113 252516023447335212547872300228472671936432270985803
 -111 258700049423193159032406949423115889815002262013174
 -109 264918472792406868640917196636939111974548613939544
 -107 271166706471159896896713947443887987569356311670545
 -105 277440021388506286216838543343097819671011856505957
 -103 283733551407758496754320193596533615469316509781752
 -101 290042298641779322264880849051166750525916306664726
 -99  296361139157057362758318003175847360509824023902228
 -97  302684829060216685830572946541059326750631270601957
 -95  309008010959379028852480049428055703716722020836467
 -93  315325220791565712997078710179117074593695202638433
 -91  321630895006100873749407411719154170112876093028387
 -89  327919378092762236948227470316419170176201436411259
 -87  334184930442225101006931407659190786440716071023911
 -85  340421736525164062247751022629093925507933836414285
 -83  346623913375219979863310651755902507565947881175484
 -81  352785519359911339330152798705478488218967376437752
 -79  358900563222474117902253219674776844666711201680918
 -77  364963013376557002551596042808308715553119598360653
 -75  370966807434683797845049910031622168606012131772621
 -73  376905861950426425600160512462512107525757834450045
 -71  382774082353314274569422107037863930193531039105487
 -69  388565373054642879517024603352041589164698132495258
 -67  394273647701540905606259354165567488225045252490352
 -65  399892839555912915561918340914893474312591651427417
 -63  405416911974199933322628973218853612874073612142370
 -61  410839868963293700767008482249549664375833183145300
 -59  416155765787406830541472626618364372469532442267990
 -57  421358719600242613774079957833138003839879203888256
 -55  426442920076427605773956432549413785841527588529618
 -53  431402640015869564249432412786622659018753997467804
 -51  436232245894484837970397583900070115427499060904441
 -49  440926208334604578478876412869028878590795991329262
 -47  445479112468319536749192968109880342563863294039450
 -45  449885668167059748849959797660904627554806189743871
 -43  454140720110828815134782004269572556463703912228982
 -41  458239257670723102816117600680775031005532972136618
 -39  462176424578664074902161525286403977905337720422328
 -37  465947528358656745688451573884304619675518327580003
 -35  469548049494358312453014991961643645430009881827642
 -33  472973650308297294881671001107694543176503586977860
 -31  476220183528723662017589278360042894588359379197215
 -29  479283700520792732360096211348050846067717652888489
 -27  482160459159588049549711677861450441308283316658190
 -25  484846931323368586184062229587618645629660288369562
 -23  487339809986380811167364159880246975738096446577927
 -21  489636015891603358001104350144830060312299788018133
 -19  491732703784887937233212159075547872190959190808058
 -17  493627268193121141605208644388763445424513598064428
 -15  495317348730254018230003256263170476321581698037345
 -13  496800834916325590154345043595103514622785948774825
 -11  498075870495938519288358899085310453447001616695341
 -9   499140857244025208939530962064912706008637449376656
 -7   499994458248166036858146923138301990098804360598545
 -5   500635600658183093488041128139548781378942124457476
 -3   501063477895227615702178115348241841228044612711445
 -1   501277551314101952228549997714187258277174993935328
 1    501277551314101952228549997714187258277174993935328
 3    501063477895227615702178115348241841228044612711445
 5    500635600658183093488041128139548781378942124457476
 7    499994458248166036858146923138301990098804360598545
 9    499140857244025208939530962064912706008637449376656
 11   498075870495938519288358899085310453447001616695341
 13   496800834916325590154345043595103514622785948774825
 15   495317348730254018230003256263170476321581698037345
 17   493627268193121141605208644388763445424513598064428
 19   491732703784887937233212159075547872190959190808058
 21   489636015891603358001104350144830060312299788018133
 23   487339809986380811167364159880246975738096446577927
 25   484846931323368586184062229587618645629660288369562
 27   482160459159588049549711677861450441308283316658190
 29   479283700520792732360096211348050846067717652888489
 31   476220183528723662017589278360042894588359379197215
 33   472973650308297294881671001107694543176503586977860
 35   469548049494358312453014991961643645430009881827642
 37   465947528358656745688451573884304619675518327580003
 39   462176424578664074902161525286403977905337720422328
 41   458239257670723102816117600680775031005532972136618
 43   454140720110828815134782004269572556463703912228982
 45   449885668167059748849959797660904627554806189743871
 47   445479112468319536749192968109880342563863294039450
 49   440926208334604578478876412869028878590795991329262
 51   436232245894484837970397583900070115427499060904441
 53   431402640015869564249432412786622659018753997467804
 55   426442920076427605773956432549413785841527588529618
 57   421358719600242613774079957833138003839879203888256
 59   416155765787406830541472626618364372469532442267990
 61   410839868963293700767008482249549664375833183145300
 63   405416911974199933322628973218853612874073612142370
 65   399892839555912915561918340914893474312591651427417
 67   394273647701540905606259354165567488225045252490352
 69   388565373054642879517024603352041589164698132495258
 71   382774082353314274569422107037863930193531039105487
 73   376905861950426425600160512462512107525757834450045
 75   370966807434683797845049910031622168606012131772621
 77   364963013376557002551596042808308715553119598360653
 79   358900563222474117902253219674776844666711201680918
 81   352785519359911339330152798705478488218967376437752
 83   346623913375219979863310651755902507565947881175484
 85   340421736525164062247751022629093925507933836414285
 87   334184930442225101006931407659190786440716071023911
 89   327919378092762236948227470316419170176201436411259
 91   321630895006100873749407411719154170112876093028387
 93   315325220791565712997078710179117074593695202638433
 95   309008010959379028852480049428055703716722020836467
 97   302684829060216685830572946541059326750631270601957
 99   296361139157057362758318003175847360509824023902228
 101  290042298641779322264880849051166750525916306664726
 103  283733551407758496754320193596533615469316509781752
 105  277440021388506286216838543343097819671011856505957
 107  271166706471159896896713947443887987569356311670545
 109  264918472792406868640917196636939111974548613939544
 111  258700049423193159032406949423115889815002262013174
 113  252516023447335212547872300228472671936432270985803
 115  246370835437935185698716178186843040615619354097895
 117  240268775334289154546354224022104050408830442219917
 119  234213978720784800551464961763055473544954903162174
 121  228210423508111711927368530234533683459656834976981
 123  222261927015957849857036557352661904089437379014652
 125  216372143455243540029781279903918735586051847775307
 127  210544561806853004297086190776157670896435913852292
 129  204782504092766194507211172452490458428804357398745
 131  199089124034473575807478042624980948036583190918830
 133  193467406092576361548755350387216380019101172770147
 135  187920164880537137023674121432725462866834206399302
 137  182450044944653207828384553014660473633367238400942
 139  177059520901479521229802800662450824296539427571704
 141  171750897923131549470805641035538109041971087829621
 143  166526312560152766915454103854417549466416651044286
 145  161387733890937731689124134227444675285977568967976
 147  156336964986061488803148945236392784736433918879598
 149  151375644675279996575101487397609261831912073518825
 151  146505249604435253256757395005524031637993431923718
 153  141727096569023241699102630468682798589706081931177
 155  137042345110762959790702641944978228539210883319884
 157  132452000363140678993901160940380699468297596777875
 159  127956916131594966606255923843948611744346140074064
 161  123557798193754498480367779796086710525505308180847
 163  119255207804941649531207574911119454834920457700486
 165  115049565394009452051106537750887333297354538254255
 167  110941154434486739190631109815238533387729623190965
 169  106930125475964945124001672365379482856091549552120
 171  103016500320668746457094652863742310182961099283946
 173  99200176330209974063520391312658798272913152682060 
 175  95480930847628325328310362532025952086941088715340 
 177  91858425719971551780607155623859150574032256157097 
 179  88332211906860049711196371544233715257375994561961 
 181  84901734160714092505598840407265356255189661028861 
 183  81566335764594163799818627199522859687501103484415 
 185  78325263313913743131616912792500129476056081631602 
 187  75177671528627148141449028158757088535958131393566 
 189  72122628082870274303321364258413330458423778425739 
 191  69159118439436868806194156754295253970353651520793 
 193  66286050676904865359405061219779857601412161614648 
 195  63502260297683800771708327622402860427607623967897 
 197  60806515005732926900693124806311449473243238749543 
 199  58197519443197814486280479865337829085335891668792 
 201  55673919875728517773948930588721000744381682436819 
 203  53234308816772248464857843443688868587182650212363 
 205  50877229581675540834097026105370858326335128835405 
 207  48601180762982661664598639333609063376312500282531 
 209  46404620618876161393439083720262346686678463778125 
 211  44285971367269665281536658437692375183399206859962 
 213  42243623378630018602444822421980241062117480349866 
 215  40275939261173552800424320668273288992601860015915 
 217  38381257832647434088305722883920297332800987682847 
 219  36557897973469780915196868280774516461204627147635 
 221  34804162356559571732285557113073226285199128926153 
 223  33118341049737484858125505120539363003909503548637 
 225  31498714987119993436413667676040704043602694764708 
 227  29943559306459659771341482553317010764703277724306 
 229  28451146549903120935090220552605182941106448220162 
 231  27019749726143327090704143967466929880642124669182 
 233  25647645232432892342069477801181032383984314183987 
 235  24333115635399764502917239808322178138423090769670 
 237  23074452310063747538992610812724960505561194138167 
 239  21869957936891764432092506583650104642697062101667 
 241  20717948857150287529166889360548084373419751277290 
 243  19616757287214358635971031994612462354964915095916 
 245  18564733392873453171242164792374709610395385426852 
 247  17560247225034601083951833125903724076250531786186 
 249  16601690518562257550771105057003612736121089648132 
 251  15687478356312117667589451686322866448294003130350 
 253  14816050700712190589010127034829257899800360555288 
 255  13985873795518885727281766521663310992533657190172 
 257  13195441440628605476894061912838875041589454837128 
 259  12443276143056463081521155702431337308785872046097 
 261  11727930147403412789394143074311383306481507934622 
 263  11047986349321534371835508911889601773922783537247 
 265  10402059095654772636139517379214551565028668613525 
 267  9788794875079482307473723336279831941345076440924  
 269  9206872903196122480468382343506560553283545500713  
 271  8655005606130895900965825162347581319863286704181  
 273  8131939006794604903072424925503415551149701798213  
 275  7636453018016116124236162856743625543157542079330  
 277  7167361646820253175183027006698171520627623779434  
 279  6723513114155372937980748780182753423767786834377  
 281  6303789894395064372164850306955668805471138960237  
 283  5907108678942105472910217170897466134152177068923  
 285  5532420268251815869716997952896143326059310556174  
 287  5178709396567060894886659508946467668730304698694  
 289  4844994493619224453184790249430458957370681512289  
 291  4530327387499310114672136009408266304653143821954  
 293  4233792952841796406573526737693558069459334219363  
 295  3954508708391809491779523016604398865687999785192  
 297  3691624367944428876123876179061338696952415450740  
 299  3444321348554348739468375348118494595983502131194  
 301  3211812239815509361183402307877021632736578469206  
 303  2993340237904508225679075826853506942394449886265  
 305  2788178547969401912299129019768550864698327488536  
 307  2595629758327702997233520374628028086703519967536  
 309  2415025189814725588579243148614203513380024702757  
 311  2245724223496680575008449843119846314233249185235  
 313  2087113609832784023896216120516486861161816424560  
 315  1938606762237809421700844323169489786237244415534  
 317  1799643037861648163128196242976314997335969512422  
 319  1669687008266174575286952090350060533525547126461  
 321  1548227722542642500293759377565384719686671557906  
 323  1434777965275538775733263520131558581791244424847  
 325  1328873511621820855924829774861711656496735036963  
 327  1230072381638274066601474275667237579158990479928  
 329  1137954095854807746222152551005181083806575731650  
 331  1052118933958304212422152984261987996918635501140  
 333  972187198320541783141557161914845734891623371983   
 335  897798483975101111590517814155559640792228003857   
 337  828610956522367786660841913526088101579441055490   
 339  764300639319065705477035744477723075581591130803   
 341  704560711189465235423601328011751518331800669149   
 343  649100815779746375098174193914564978715973445585   
 345  597646383565168207048350858995130954354375461448   
 347  549937967411880554428095929331914058298373721468   
 349  505730592491562027811645100868065788490043144839   
 351  464793121247703288150208867863636838428489453177   
 353  426907634017371844542769334826548764883524966853   
 355  391868825821766556126304316401583334344954728210   
 357  359483419752844026413520247019965910442124614991   
 359  329569597301800706058174708169001625061008327515   
 361  301956445898228177946142232417598299445822811861   
 363  276483423856309559550411105347505843423589869775   
 365  252999842856458725227014729378393032773020530442   
 367  231364368027270740976298416604923340881624607581   
 369  211444535633485618544389525408221073221398500794   
 371  193116288320788186107207649522281365918241531910   
 373  176263527817581682383528002488094523053874583786   
 375  160777684947277261828715341211097845462906448740   
 377  146557306762021397303068624919821487698053488611   
 379  133507660570014674884554708152561454234531390983   
 381  121540354593527439512529191376307989785172221787   
 383  110572974963252336266930672020864116094134021000   
 385  100528738726607704792046584371260568382157932065   
 387  91336162522871333823559956371197894297168960408    
 389  82928746556430199553016880376600793928915258748    
 391  75244673480825006718788870783757834931966681975    
 393  68226521790493620271216499669228043744131372122    
 395  61820993304019144736763940874118782174136491826    
 397  55978654312110924531115279552600956347894887035    
 399  50653689955335398879171818591505744702478433773    
 401  45803671390615371010426225529922843049124510982    
 403  41389335301579803635823832971368456658714057989    
 405  37374375305823390328471959898953642587590583132    
 407  33725244811880735667300389131727018554782083011    
 409  30410970880092516392216171320972056675726478516    
 411  27402978644403048043426174292827945450487401590    
 413  24674925856347194292798998443489365680043864471    
 415  22202547117931163724833850006106744474966506924    
 417  19963507376663010595719782300422196926357226750    
 419  17937264263526300105038285739384274658287148637    
 421  16104938863101422398198722523341285901967966104    
 423  14449194514215870260646594951534435702904467197    
 425  12954123249345363225125442377483516686898114689    
 427  11605139491395485362970368570065825213652130903    
 429  10388880637377549296670315675854972698490896509    
 431  9293114169767296984518941837258579733757129040     
 433  8306650947920894775227894881612476507901067728     
 435  7419264343745007076190546000793153327567299321     
 437  6621614897807413093151091540076198000831975224     
 439  5905180184167767258463398214283366901903184871     
 441  5262189584345897050023533045774233393044255162     
 443  4685563682973633524030920392160461312516653150     
 445  4168858009746521101306959997525673189571266295     
 447  3706210864259411344162134604032923657362350176     
 449  3292294972134901359214121357495128037063983814     
 451  2922272732500064130625635223577049437812356581     
 453  2591754828303213731872323838292917094306129801     
 455  2296761982160674537036710210986902018065554348     
 457  2033689651359440356908095783951700275501048966     
 459  1799275466294409126048509140035083407394194393     
 461  1590569226970979154216526940758247813147424503     
 463  1404905282240631667286639180312972388054531920     
 465  1239877126146955278697612041030338561477802383     
 467  1093314055133260735183041432379994150087417869     
 469  963259738893777480035614727648801523632309183      
 471  847952566333933289678967906745767680500607793      
 473  745807636438951414657648875301523682976964233      
 475  655400271833373851870155450344542284051165677      
 477  575450940448238985693343100792886494854867345      
 479  504811478000131300168284996864631122342700929      
 481  442452510931165189848373643000776917594403218      
 483  387451986066357766201282552312859885332373044      
 485  338984719521045210562638297759920235814442233      
 487  296312883343190246270823938368361308242776905      
 489  258777354011601366459357067805332446030738379      
 491  225789852239904052121674343817632194188530551      
 493  196825808566804314987529218298037472586200748      
 495  171417893955462446165654093792593225378913390      
 497  149150159088712981526550113073350803073183832      
 499  129652730242765699399033971159131907437778148      
 501  112597013560437098483848271897065581735505549      
 503  97691363236547707111649342748721130087190734       
 505  84677172583585578571531470844687873090474495       
 507  73325350175779340875355797135122231433276583       
 509  63433146284980187304072373523970768611730463       
 511  54821297632743310786862463641089369314959795       
 513  47331461100091412554188763823589234694262456       
 515  40823909469807887409902619323109425992039106       
 517  35175464535690032330790146444888865380609508       
 519  30277645008683084366737834396826316616030751       
 521  26035008590625374883830213174682727210232184       
 523  22363669381576525794103938119501097176119307       
 525  19189973445173642897915487403146389092887729       
 527  16449316886637982893373603579695640609844767       
 529  14085092208074529293163402516283553636554110       
 531  12047750003365995562955106508008533708663208       
 533  10293964247712953948902287938903793526448959       
 535  8785890531819250337161647617360206658548385        
 537  7490507594628063239402843161312043735062298        
 539  6379033427798572099211149460901042800018173        
 541  5426408065858725438358006780994271097767049        
 543  4610835943927456723396380907683241831232113        
 545  3913381405497527484977712253648549203196011        
 547  3317611581120245104148143782859615578862223        
 549  2809281439741774417860436271098515385945560        
 551  2376056342417731983956353715837193364495136        
 553  2007267907402848398241488071078303119922323        
 555  1693699430125932355186139796732193994887124        
 557  1427397495004382247247898404321307871251716        
 559  1201506771862876376582623940725513643087401        
 561  1010125311093767047691755826831237782336421        
 563  848177941600327609120487006112314663329795         
 565  711305636750369324384507571057291989458537         
 567  595768948584254053426251498813862339662390         
 569  498363821722167923025009815880146474730907         
 571  416348287972846472746304917218427604576954         
 573  347378712560774401099823432702608614359780         
 575  289454415001692269523225739555837995031712         
 577  240869623657182541986100727336111771196938         
 579  200171844437883492389496531038431053535950         
 581  166125832420224760589193118037907156939901         
 583  137682451590325890749880945324416584432294         
 585  113951793714441829201588732572158778150826         
 587  94180003536670072607120175618965399277905          
 589  77729325102966258941901304071706631615679          
 591  64060943897483260909984499823858488056961          
 593  52720252461695863831895046505412818659674          
 595  43324213981327561729968104004784298404056          
 597  35550539633351601980697745342834371770080          
 599  29128431883644073932956859382718224201829          
 601  23830677954740054314081886422914507532852          
 603  19466905828320335353669767962668243612013          
 605  15877839845190207032438968741222616744100          
 607  12930414608541035189572892060500918480779          
 609  10513624835477503140137935793521741272590          
 611  8535005351487545295803157762963723509829           
 613  6917649863592924511998865525764638222848           
 615  5597689730917926773503751743090928190721           
 617  4522164899555591827819269182236799311425           
 619  3647228680414712560890487890924228208543           
 621  2936636300489095632507777450367463527695           
 623  2360474306015100980798327170347194425841           
 625  1894094078654322967207808323152176203471           
 627  1517218065469366342744191089441888907071           
 629  1213191927995299198848279017300725646989           
 631  968359780258192878197972501192515642300            
 633  771543093825751209639932970432253407979            
 635  613606773382362703711775451489700877292            
 637  487098413344634239417939712026554728492            
 639  385948891092142720458610569408387153326            
 641  305224284794980892298291455260276962718            
 643  240920666606759870787932015442652822944            
 645  189794652648103737473302691885762972892            
 647  149223722337050084284188701228028664792            
 649  117091279540161525831962807068960586368            
 651  91692241262046211007512399585511628906             
 653  71655627397324871828760763550653358931             
 655  55881205782723309950988729177383451959             
 657  43487736227858453486079037922558773942             
 659  33770768990169619620539115625591812340             
 661  26168298995504998188108415544503702047             
 663  20232867030287989270500801499971748729             
 665  15608941740288487848482492527685999338             
 667  12014618912329155796317949126994767237             
 669  9226843457408422978141749450594308204              
 671  7069500095026336906158516349036728207              
 673  5403835496516569938489445997051159252              
 675  4120771429573000964884498774951262477              
 677  3134748516727786004196696014976198874              
 679  2378806332323860789287254214676148899              
 681  1800660039412503740598901299310662242              
 683  1359578566343140826750007854199474543              
 685  1023906086256420761450521101970412574              
 687  769098669407911247106495660832808076               
 689  576172581438609588167877348120022873               
 691  430480763335942669937371622238004420               
 693  320750353329084329220631182365524467               
 695  238327364584852168977511083437326797               
 697  176585368966468699818717969132344551               
 699  130463714683662185672776586099508098               
 701  96107803095293191735885688352521996                
 703  70589579381811696144819508312430475                
 705  51690910012672026024256135411828404                
 707  37736137552428216831223846935438583                
 709  27462992834640333393437069153791188                
 711  19923346734114687894407858527957965                
 713  14407113446091850645965254926635612                
 715  10384067614002791697257573845186910                
 717  7459484466335239114183176615047194                 
 719  5340416497665101831967873946243160                 
 721  3810131507391917700511742504081429                 
 723  2708794701561440638489676148463759                 
 725  1918913938194110380591918016418776                 
 727  1354407565019460729021670078995281                 
 729  952419025233009577936892550119736                  
 731  667207704579642541377873266400241                  
 733  465604233087519207669406672757025                  
 735  323640826900955914768797573522859                  
 737  224061303584635605025615490360857                  
 739  154487459058244813036449348435282                  
 741  106073524246800825379423936189590                  
 743  72522311649472544719234060617153                   
 745  49368448114965163948814069577739                   
 747  33458127450291349500227778258902                   
 749  22572932091639625398025587004511                   
 751  15158878355034688788396424487429                   
 753  10132021526101375993263619489811                   
 755  6739549209379024032120436686038                    
 757  4460931714479852894839940342054                    
 759  2937872841559500519248777950575                    
 761  1924882313346639826282613665205                    
 763  1254551521694319904396996653996                    
 765  813267697002122439242570922870                     
 767  524306127140690099468848877014                     
 769  336113880270706776858332760929                     
 771  214229714372226815465309746352                     
 773  135738855231164047800168260986                     
 775  85486403361549264151127883734                      
 777  53504839974789156077927711309                      
 779  33275492415068421180386078002                      
 781  20559894307075964924753748231                      
 783  12618536370375221295547704351                      
 785  7691527450975099036440492341                       
 787  4655350236781863370630058971                       
 789  2797342336929602011728751364                       
 791  1668423137156066644983000958                       
 793  987516229963056603477700871                        
 795  579917118085997542239142534                        
 797  337810614245005889558772685                        
 799  195147923318427006592352876                        
 801  111771417575495435650964335                        
 803  63454389067591363725620119                         
 805  35697617624489413598512212                         
 807  19894835586168879955628021                         
 809  10980847670313446445983161                         
 811  6000537172542734531771494                          
 813  3245342780712111773697276                          
 815  1736589634017400718518228                          
 817  919056175237092473501976                           
 819  480871029344537411863030                           
 821  248645807407313478184069                           
 823  127003000865870202779648                           
 825  64051715704697025773096                            
 827  31880383415113190671223                            
 829  15652069864143118032808                            
 831  7576024304146414892236                             
 833  3613127866323848592432                             
 835  1696807592913571984594                             
 837  784163155250960188123                              
 839  356371362141024199222                              
 841  159147004509130198506                              
 843  69782561915741064545                               
 845  30017592355305948667                               
 847  12655653339410583910                               
 849  5224451562507744261                                
 851  2109486280496195015                                
 853  832119372277754527                                 
 855  320270079202644971                                 
 857  120106905177547373                                 
 859  43821085518680492                                  
 861  15528887031395023                                  
 863  5335125764059146                                   
 865  1773440981020386                                   
 867  569087907675698                                    
 869  175849530836635                                    
 871  52176735277287                                     
 873  14818423396369                                     
 875  4013670296068                                      
 877  1032501499239                                      
 879  251050546012                                       
 881  57373851187                                        
 883  12242381349                                        
 885  2419697247                                         
 887  438720787                                          
 889  72096080                                           
 891  10574431                                           
 893  1356565                                            
 895  148049                                             
 897  13201                                              
 899  902                                                
 901  42                                                 
 903  1                                                  