                 -55                                        1
                 -53                                       10
                 -51                                       54
                 -49                                      209
                 -47                                      649
                 -45                                     1717
                 -43                                     4015
                 -41                                     8504
                 -39                                    16599
                 -37                                    30239
                 -35                                    51909
                 -33                                    84591
                 -31                                   131625
                 -29                                   196470
                 -27                                   282369
                 -25                                   391939
                 -23                                   526724
                 -21                                   686763
                 -19                                   870233
                 -17                                  1073227
                 -15                                  1289718
                 -13                                  1511742
                 -11                                  1729808
                  -9                                  1933514
                  -7                                  2112319
                  -5                                  2256396
                  -3                                  2357475
                  -1                                  2409581
                   1                                  2409581
                   3                                  2357475
                   5                                  2256396
                   7                                  2112319
                   9                                  1933514
                  11                                  1729808
                  13                                  1511742
                  15                                  1289718
                  17                                  1073227
                  19                                   870233
                  21                                   686763
                  23                                   526724
                  25                                   391939
                  27                                   282369
                  29                                   196470
                  31                                   131625
                  33                                    84591
                  35                                    51909
                  37                                    30239
                  39                                    16599
                  41                                     8504
                  43                                     4015
                  45                                     1717
                  47                                      649
                  49                                      209
                  51                                       54
                  53                                       10
                  55                                        1