                 -66                                        1
                 -64                                       11
                 -62                                       65
                 -60                                      274
                 -58                                      923
                 -56                                     2640
                 -54                                     6655
                 -52                                    15159
                 -50                                    31758
                 -48                                    61997
                 -46                                   113906
                 -44                                   198497
                 -42                                   330121
                 -40                                   526581
                 -38                                   808896
                 -36                                  1200626
                 -34                                  1726701
                 -32                                  2411747
                 -30                                  3277965
                 -28                                  4342688
                 -26                                  5615807
                 -24                                  7097310
                 -22                                  8775209
                 -20                                 10624132
                 -18                                 12604826
                 -16                                 14664752
                 -14                                 16739858
                 -12                                 18757500
                 -10                                 20640357
                  -8                                 22311069
                  -6                                 23697232
                  -4                                 24736324
                  -2                                 25380120
                   0                                 25598186
                   2                                 25380120
                   4                                 24736324
                   6                                 23697232
                   8                                 22311069
                  10                                 20640357
                  12                                 18757500
                  14                                 16739858
                  16                                 14664752
                  18                                 12604826
                  20                                 10624132
                  22                                  8775209
                  24                                  7097310
                  26                                  5615807
                  28                                  4342688
                  30                                  3277965
                  32                                  2411747
                  34                                  1726701
                  36                                  1200626
                  38                                   808896
                  40                                   526581
                  42                                   330121
                  44                                   198497
                  46                                   113906
                  48                                    61997
                  50                                    31758
                  52                                    15159
                  54                                     6655
                  56                                     2640
                  58                                      923
                  60                                      274
                  62                                       65
                  64                                       11
                  66                                        1
