-190 1
-188 19
-186 189
-184 1310
-182 7105
-180 32110
-178 125761
-176 438407
-174 1386735
-172 4038090
-170 10947079
-168 27876345
-166 67163518
-164 154022930
-162 337879565
-160 712033264
-158 1446677555
-156 2842707951
-154 5417028610
-152 10034398370
-150 18106447251
-148 31885534341
-146 54889773721
-144 92505945904
-142 152829185554
-140 247812240270
-138 394812550404
-136 618642070468
-134 954242120672
-132 1450122900957
-130 2172723680407
-128 3211863931466
-126 4687466437458
-124 6757739101004
-122 9629001109314
-120 13567329469997
-118 18912181906103
-116 26092119962851
-114 35642710395824
-112 48226622262504
-110 64655860853248
-108 85915987478975
-106 113192066688617
-104 147895961041996
-102 191694460339426
-100 246537590396887
-98 314686300226431
-96 398738580963056
-94 501652931077074
-92 626767957074605
-90 777816794321327
-88 958934956436618
-86 1174660181518485
-84 1429922846568245
-82 1730025574484273
-80 2080610766398484
-78 2487614959979039
-76 2957209143821283
-74 3495724449232656
-72 4109562991186892
-70 4805094034952458
-68 5588536116143365
-66 6465826229246261
-64 7442477710028142
-62 8523428955303171
-60 9712885632101596
-58 11014159508703474
-56 12429507472856266
-54 13959974668293455
-52 15605245960611231
-50 17363510120343077
-48 19231341169707222
-46 21203601268079956
-44 23273369301641808
-42 25431898991103321
-40 27668609839022643
-38 29971113611172910
-36 32325278296104507
-34 34715330629968050
-32 37123997331072460
-30 39532684186024107
-28 41921691095584758
-26 44270460155120659
-24 46557852844718972
-22 48762451471082479
-20 50862879169645137
-18 52838132071308195
-16 54667916690767479
-14 56332985225124617
-12 57815461279465659
-10 59099148571263045
-8 60169815411960123
-6 61015448219007443
-4 61626467964901421
-2 61995904304519920
0 62119523114983224
2 61995904304519920
4 61626467964901421
6 61015448219007443
8 60169815411960123
10 59099148571263045
12 57815461279465659
14 56332985225124617
16 54667916690767479
18 52838132071308195
20 50862879169645137
22 48762451471082479
24 46557852844718972
26 44270460155120659
28 41921691095584758
30 39532684186024107
32 37123997331072460
34 34715330629968050
36 32325278296104507
38 29971113611172910
40 27668609839022643
42 25431898991103321
44 23273369301641808
46 21203601268079956
48 19231341169707222
50 17363510120343077
52 15605245960611231
54 13959974668293455
56 12429507472856266
58 11014159508703474
60 9712885632101596
62 8523428955303171
64 7442477710028142
66 6465826229246261
68 5588536116143365
70 4805094034952458
72 4109562991186892
74 3495724449232656
76 2957209143821283
78 2487614959979039
80 2080610766398484
82 1730025574484273
84 1429922846568245
86 1174660181518485
88 958934956436618
90 777816794321327
92 626767957074605
94 501652931077074
96 398738580963056
98 314686300226431
100 246537590396887
102 191694460339426
104 147895961041996
106 113192066688617
108 85915987478975
110 64655860853248
112 48226622262504
114 35642710395824
116 26092119962851
118 18912181906103
120 13567329469997
122 9629001109314
124 6757739101004
126 4687466437458
128 3211863931466
130 2172723680407
132 1450122900957
134 954242120672
136 618642070468
138 394812550404
140 247812240270
142 152829185554
144 92505945904
146 54889773721
148 31885534341
150 18106447251
152 10034398370
154 5417028610
156 2842707951
158 1446677555
160 712033264
162 337879565
164 154022930
166 67163518
168 27876345
170 10947079
172 4038090
174 1386735
176 438407
178 125761
180 32110
182 7105
184 1310
186 189
188 19
190 1
