-231 1
-229 21
-227 230
-225 1749
-223 10373
-221 51107
-219 217602
-217 822504
-215 2814141
-213 8843868
-211 25820674
-209 70673825
-207 182690494
-205 448730093
-203 1052649257
-201 2368601685
-199 5131231668
-197 10736569602
-195 21758936146
-193 42815701060
-191 81978913225
-189 153027659730
-187 278966179936
-185 497410645838
-183 868684295795
-181 1487770177607
-179 2501668570608
-177 4134208876206
-175 6720990738308
-173 10757893676225
-171 16967514869724
-169 26388985009520
-167 40497882763350
-165 61364424578321
-163 91859746316158
-161 135921905621497
-159 198895196920110
-157 287958449470755
-155 412660123031718
-153 585580159118624
-151 823140604631798
-149 1146588896778326
-147 1583179263631879
-145 2167578816219367
-143 2943525433426675
-141 3965764305899601
-139 5302288837174444
-137 7036909324628774
-135 9272169288571416
-133 12132624325523284
-131 15768491792213257
-129 20359671370145219
-127 26120126546021883
-125 33302605249044947
-123 42203664348890167
-121 53168947542087071
-119 66598649518706633
-117 82953081465650943
-115 102758234271992219
-113 126611216685839267
-111 155185426644688396
-109 189235295653593748
-107 229600429077811508
-105 277208950264337069
-103 333079844263969529
-101 398324088364095884
-99 474144352428135304
-97 561833052903593226
-95 662768550978395386
-93 778409298314319051
-91 910285753524504582
-89 1059989919395122075
-87 1229162384905962536
-85 1419476797304170109
-83 1632621737529325739
-81 1870280026638888952
-79 2134105550757843322
-77 2425697756447633990
-75 2746574035993062383
-73 3098140291458415400
-71 3481660035789335827
-69 3898222456900097486
-67 4348709934637146485
-65 4833765558734378078
-63 5353761246350896722
-61 5908767098538417807
-59 6498522664170884316
-57 7122410795813652660
-55 7779434783290382768
-53 8468199436205655245
-51 9186896755644249137
-49 9933296787344925918
-47 10704744183931634448
-45 11498160922839778548
-43 12310055530439157422
-41 13136539053042292876
-39 13973347893966390531
-37 14815873504979678327
-35 15659198783071094633
-33 16498140882608377544
-31 17327300011899704273
-29 18141113645402632750
-27 18933915451840263871
-25 19699998117752909512
-23 20433679138853167082
-21 21129368561036514599
-19 21781637581760245121
-17 22385286873043044454
-15 22935413461350990368
-13 23427474998347332418
-11 23857350280497964565
-9 24221394924797233923
-7 24516491181703859394
-5 24740090963395964883
-3 24890251283685041640
-1 24965661442811799655
1 24965661442811799655
3 24890251283685041640
5 24740090963395964883
7 24516491181703859394
9 24221394924797233923
11 23857350280497964565
13 23427474998347332418
15 22935413461350990368
17 22385286873043044454
19 21781637581760245121
21 21129368561036514599
23 20433679138853167082
25 19699998117752909512
27 18933915451840263871
29 18141113645402632750
31 17327300011899704273
33 16498140882608377544
35 15659198783071094633
37 14815873504979678327
39 13973347893966390531
41 13136539053042292876
43 12310055530439157422
45 11498160922839778548
47 10704744183931634448
49 9933296787344925918
51 9186896755644249137
53 8468199436205655245
55 7779434783290382768
57 7122410795813652660
59 6498522664170884316
61 5908767098538417807
63 5353761246350896722
65 4833765558734378078
67 4348709934637146485
69 3898222456900097486
71 3481660035789335827
73 3098140291458415400
75 2746574035993062383
77 2425697756447633990
79 2134105550757843322
81 1870280026638888952
83 1632621737529325739
85 1419476797304170109
87 1229162384905962536
89 1059989919395122075
91 910285753524504582
93 778409298314319051
95 662768550978395386
97 561833052903593226
99 474144352428135304
101 398324088364095884
103 333079844263969529
105 277208950264337069
107 229600429077811508
109 189235295653593748
111 155185426644688396
113 126611216685839267
115 102758234271992219
117 82953081465650943
119 66598649518706633
121 53168947542087071
123 42203664348890167
125 33302605249044947
127 26120126546021883
129 20359671370145219
131 15768491792213257
133 12132624325523284
135 9272169288571416
137 7036909324628774
139 5302288837174444
141 3965764305899601
143 2943525433426675
145 2167578816219367
147 1583179263631879
149 1146588896778326
151 823140604631798
153 585580159118624
155 412660123031718
157 287958449470755
159 198895196920110
161 135921905621497
163 91859746316158
165 61364424578321
167 40497882763350
169 26388985009520
171 16967514869724
173 10757893676225
175 6720990738308
177 4134208876206
179 2501668570608
181 1487770177607
183 868684295795
185 497410645838
187 278966179936
189 153027659730
191 81978913225
193 42815701060
195 21758936146
197 10736569602
199 5131231668
201 2368601685
203 1052649257
205 448730093
207 182690494
209 70673825
211 25820674
213 8843868
215 2814141
217 822504
219 217602
221 51107
223 10373
225 1749
227 230
229 21
231 1
