-171 1
-169 18
-167 170
-165 1121
-163 5795
-161 25005
-159 93651
-157 312646
-155 948328
-153 2651355
-151 6908989
-149 16929266
-147 39287173
-145 86859412
-143 183856635
-141 374153699
-139 734644291
-137 1396030396
-135 2574320659
-133 4617369760
-131 8072048882
-129 13779087108
-127 23004239550
-125 37616173304
-123 60323245445
-121 94983079721
-119 147000403785
-117 223829832710
-115 335600998532
-113 495883431640
-111 722607688439
-109 1039157180325
-107 1475641793165
-105 2070359522958
-103 2871445864945
-101 3938702514382
-99 5345587080397
-97 7181334087144
-95 9553164753632
-93 12588529236440
-91 16437310639626
-89 21273905712835
-87 27299083449192
-85 34741510526683
-83 43858822542875
-81 54938113137182
-79 68295710233329
-77 84276110569335
-75 103249951112550
-73 125610909429171
-71 151771444935161
-69 182157319295616
-67 217200866875032
-65 257333024572718
-63 302974173780973
-61 354523894428593
-59 412349780660952
-57 476775517929388
-55 548068470165005
-53 626427071190676
-51 711968354405192
-49 804715986903742
-47 904589196552088
-45 1011392991308564
-43 1124810067817904
-41 1244394789935607
-39 1369569586835207
-37 1499624074722127
-35 1633717146549739
-33 1770882201746947
-31 1910035604667007
-29 2049988368659761
-27 2189460965247766
-25 2327101058134570
-23 2461503863242486
-21 2591234742347915
-19 2714853552811219
-17 2830940202860985
-15 2938120804028548
-13 3035093772295086
-11 3120655209356839
-9 3193722896464393
-7 3253358256087989
-5 3298785680906877
-3 3329408694181411
-1 3344822488498265
1 3344822488498265
3 3329408694181411
5 3298785680906877
7 3253358256087989
9 3193722896464393
11 3120655209356839
13 3035093772295086
15 2938120804028548
17 2830940202860985
19 2714853552811219
21 2591234742347915
23 2461503863242486
25 2327101058134570
27 2189460965247766
29 2049988368659761
31 1910035604667007
33 1770882201746947
35 1633717146549739
37 1499624074722127
39 1369569586835207
41 1244394789935607
43 1124810067817904
45 1011392991308564
47 904589196552088
49 804715986903742
51 711968354405192
53 626427071190676
55 548068470165005
57 476775517929388
59 412349780660952
61 354523894428593
63 302974173780973
65 257333024572718
67 217200866875032
69 182157319295616
71 151771444935161
73 125610909429171
75 103249951112550
77 84276110569335
79 68295710233329
81 54938113137182
83 43858822542875
85 34741510526683
87 27299083449192
89 21273905712835
91 16437310639626
93 12588529236440
95 9553164753632
97 7181334087144
99 5345587080397
101 3938702514382
103 2871445864945
105 2070359522958
107 1475641793165
109 1039157180325
111 722607688439
113 495883431640
115 335600998532
117 223829832710
119 147000403785
121 94983079721
123 60323245445
125 37616173304
127 23004239550
129 13779087108
131 8072048882
133 4617369760
135 2574320659
137 1396030396
139 734644291
141 374153699
143 183856635
145 86859412
147 39287173
149 16929266
151 6908989
153 2651355
155 948328
157 312646
159 93651
161 25005
163 5795
165 1121
167 170
169 18
171 1
