-153 1
-151 17
-149 152
-147 951
-145 4674
-143 19210
-141 68646
-139 218995
-137 635682
-135 1703027
-133 4257634
-131 10020277
-129 22357907
-127 47572239
-125 96997223
-123 190297064
-121 360490592
-119 661386105
-117 1178290263
-115 2043049102
-113 3454679139
-111 5707038378
-109 9225153393
-107 14611938428
-105 22707091351
-103 34659902922
-101 52017543059
-99 76830064607
-97 111772868849
-95 160286690742
-93 226734277076
-91 316571849793
-89 436532185079
-87 594814727016
-85 801276639051
-83 1067617140029
-81 1407545952120
-79 1836925297010
-77 2373873715590
-75 3038819161947
-73 3854488441564
-71 4845820226602
-69 6039789674785
-67 7465134168842
-65 9151971919114
-63 11131308137366
-61 13434427160754
-59 16092173204855
-57 19134127233957
-55 22587692593697
-53 26477107355783
-51 30822406545534
-49 35638362306432
-47 40933434336737
-45 46708766348284
-43 52957266599740
-41 59662811529369
-39 66799610984026
-37 74331771397564
-35 82213089467235
-33 90387103441118
-31 98787422173335
-29 107338343817188
-27 115955766675590
-25 124548384646706
-23 133019149278457
-21 141266970104455
-19 149188615120877
-17 156680764421309
-15 163642162552991
-13 169975809465594
-11 175591126299186
-9 180406030924742
-7 184348859235088
-5 187360071707656
-3 189393690634798
-1 190418421447330
1 190418421447330
3 189393690634798
5 187360071707656
7 184348859235088
9 180406030924742
11 175591126299186
13 169975809465594
15 163642162552991
17 156680764421309
19 149188615120877
21 141266970104455
23 133019149278457
25 124548384646706
27 115955766675590
29 107338343817188
31 98787422173335
33 90387103441118
35 82213089467235
37 74331771397564
39 66799610984026
41 59662811529369
43 52957266599740
45 46708766348284
47 40933434336737
49 35638362306432
51 30822406545534
53 26477107355783
55 22587692593697
57 19134127233957
59 16092173204855
61 13434427160754
63 11131308137366
65 9151971919114
67 7465134168842
69 6039789674785
71 4845820226602
73 3854488441564
75 3038819161947
77 2373873715590
79 1836925297010
81 1407545952120
83 1067617140029
85 801276639051
87 594814727016
89 436532185079
91 316571849793
93 226734277076
95 160286690742
97 111772868849
99 76830064607
101 52017543059
103 34659902922
105 22707091351
107 14611938428
109 9225153393
111 5707038378
113 3454679139
115 2043049102
117 1178290263
119 661386105
121 360490592
123 190297064
125 96997223
127 47572239
129 22357907
131 10020277
133 4257634
135 1703027
137 635682
139 218995
141 68646
143 19210
145 4674
147 951
149 152
151 17
153 1
