-630 1                                       
   -628 35                                      
   -626 629                                     
   -624 7734                                    
   -622 73149                                   
   -620 567322                                  
   -618 3756165                                 
   -616 21824599                                
   -614 113542269                               
  -612 537026584                               
  -610 2336914709                              
  -608 9446244041                              
  -606 35748066704                             
  -604 127485570114                            
  -602 430805130559                            
  -600 1385987640650                           
  -598 4262490454456                           
  -596 12575680441068                          
  -594 35703722618623                          
  -592 97814242758938                          
  -590 259213412778410                         
  -588 665927947697390                         
  -586 1661738353068622                        
  -584 4034890719112312                        
  -582 9548399716813142                        
  -580 22054237446968086                       
  -578 49784461455215035                       
  -576 109967613552223976                      
  -574 237952737518508526                      
  -572 504915591917680426                      
  -570 1051627517225584733                     
  -568 2151802005089822386                     
  -566 4329067029870379727                     
  -564 8569734869731659167                     
  -562 16704302701680583862                    
  -560 32082151999887327111                    
  -558 60749178579874144673                    
  -556 113477474414283493079                   
  -554 209221454034271149694                   
  -552 380934895551034712193                   
  -550 685252852826639815001                   
  -548 1218433945185713124046                  
  -546 2142340656878671994722                  
  -544 3726357765330848743667                  
  -542 6414378885536115633661                  
  -540 10930863100902879987249                 
  -538 18447250486752076027053                 
  -536 30840834907904904746681                 
  -534 51094101082811990871922                 
  -532 83905766767575763307901                 
  -530 136618451667571604486575                
  -528 220616369263965305466164                
  -526 353415718665564702328507                
  -524 561768802963903455720268                
  -522 886241599890791698300701                
  -520 1387918869485404505187721               
  -518 2158161553756188061586754               
  -516 3332715900937259800060768               
  -514 5111989364428503067946693               
  -512 7790013861749304795235355               
  -510 11795577034477084756214270              
  -508 17750301491650885200981572              
  -506 26550201299155497185187897              
  -504 39479587921217689240130992              
  -502 58369320200068458152427648              
  -500 85815533754694188336976096              
  -498 125480450381751168751558887             
  -496 182504047665828791145871444             
  -494 264064757947168381283883545             
  -492 380139589293429853716533027             
  -490 544529905722026330360954069             
  -488 776239554940776361141893131             
  -486 1101318318582783674555444477            
  -484 1555317309740730029033732440            
  -482 2186545845983813398633269324            
  -480 3060373813576652765376469201            
  -478 4264892472648096141856519325            
  -476 5918333535780218433886104410            
  -474 8178755453222599773973894327            
  -472 11256642342278503680896331725           
  -470 15431231182393760986798461330           
  -468 21071594330175512547555290719           
  -466 28663766186843053062773860168           
  -464 38845525870146960085167089938           
  -462 52450845009768175243719358525           
  -460 70566496773427753529293024103           
  -458 94603917289447330683744861912           
  -456 126390135448114408248052323866          
  -454 168282467190598492534253676781          
  -452 223312735838439158238932224338          
  -450 295368065909486851191389922482          
  -448 389416845206915824060380947346          
  -446 511790306456555694941720587841          
  -444 670532400729535090426521655991          
  -442 875833284295546102844746292919          
  -440 1140564892155898538356098220244         
  -438 1480940810066467577097660896854         
  -436 1917327079504265537070944512986         
  -434 2475235787717448864802508676406         
 -432 3186539434112583984257217978665         
 -430 4090951268300993503715655288158         
 -428 5237825226653016622562392197925         
 -426 6688338936639479573400617088565         
 -424 8518134718036290812445917114633         
 -422 10820506818903143297576599581742        
 -420 13710238541297738329622774759048        
 -418 17328210726021248697823989901443        
 -416 21846923598732668839401045066853        
 -414 27477097587819571673504367908041        
 -412 34475545801203238471429226990062        
 -410 43154541828514571643574001252099        
 -408 53892941893062428595558171348760        
 -406 67149360635991047597212746336629        
 -404 83477745541621156416321828905011        
 -402 103545746826403001909073656312491       
 -400 128156338183969974561740557548766       
 -398 158273209828563974770105827454317       
 -396 195050529586393564881052723024958       
 -394 239867751182730927810784445004037       
 -392 294370242251341919790104175206709       
 -390 360516608897802211065936137579145       
 -388 440633709880274400898480909264254       
 -386 537480482685022174273484775988171       
 -384 654321847075244375450352257452224       
 -382 795014110234570790297541041220091       
 -380 964103472608062662314726559220343       
 -378 1166939426198864091734424575595533      
 -376 1409805048673599465072331442985610      
 -374 1700066428452427388062997015818308      
 -372 2046343709310998752026366613895712      
 -370 2458706519202934261893035252818728      
 -368 2948896848311873202203709148956343      
 -366 3530582767023058698455291958523549      
 -364 4219646726782514444221530894434657      
 -362 5034512566840053278580374124177932      
 -360 5996515758718659785749579443927562      
 -358 7130321858877122211451053010179222      
 -356 8464398609261648810749155430045535      
 -354 10031547625941249187807799654666290     
 -352 11869502148266225070509989505025768     
 -350 14021597885232700529805435097079749     
 -348 16537524591976976327265256060325884     
 -346 19474166637269385003814048193972054     
 -344 22896541481908683742758027510226943     
 -342 26878845677049656304717710483797700     
 -340 31505618709338207648090070592604182     
 -338 36873035764444055894063058355678365     
 -336 43090341249848978704471069494052438     
 -334 50281435708718754894245734858949556     
 -332 58586629565941369673666404233611404     
 -330 68164577970926111113861570243664465     
 -328 79194411834853855545643345222701938     
 -326 91878080997389633267481844881293196     
 -324 106442926293336914035745758336082541    
 -322 123144498116500791384083835537464922    
 -320 142269639888527909195340218712305781    
 -318 164139855626296619446196510900985031    
 -316 189114981553314193829426212639440921    
 -314 217597182408480509898702862754836619    
 -312 250035293758605053198799699199310428    
 -310 286929532207488688637178593707556039    
 -308 328836595901653990645893741336210275    
 -306 376375178147577375764143892573004257    
 -304 430231917263421928783549126730493451    
 -302 491167805974942123388816313484873764    
 -300 560025083714905789630752919868018138    
 -298 637734635081920150881442431742455217    
 -296 725323917441291771351088816848005898    
 -294 823925440190389638634172826129721366    
 -292 934785817546477396533874061409437314    
 -290 1059275415828481961513828253526371300   
 -288 1198898615077938453772679011048726909   
 -286 1355304703480731045880680805604869312   
 -284 1530299421392802583714592624580709376   
 -282 1725857169822707048789580461489115164   
 -280 1944133895965300497690638439563821917   
 -278 2187480665798381602833017151203834030   
 -276 2458457930833092379637021432436894351   
 -274 2759850492836006058736909648068201099   
 -272 3094683166704174466706682930958758745   
 -270 3466237137663817735197297585117985058   
 -268 3878067004570626084693987058242319461   
 -266 4334018496308850032454593946761564386   
 -264 4838246843114015840757359960006163179   
 -262 5395235779079502201758368011569836671   
 -260 6009817146152645236678368169204881654   
 -258 6687191063587056357028133274832221081   
 -256 7432946620103502556968206530760984079   
 -254 8253083038934813869913596875639551534   
 -252 9154031258507613002379345332973611264   
 -250 10142675863766138770524901616657099207  
 -248 11226377295096338756651565487021178247  
 -246 12412994253491527519767783848831606182  
 -244 13710906212048675861986083586078105872  
 -242 15129035935135987607572811731892191884  
 -240 16676871897671816005993332707278769697  
 -238 18364490487950993879932333019044295859  
 -236 20202577868400948973444500169033412698  
 -234 22202451359604969640082950469082248552  
 -232 24376080203956767231733569802920935983  
 -230 26736105556476660565416931538322421348  
 -228 29295859541697211475209400878535256419  
 -226 32069383207190956244264655557630970725  
 -224 35071443196344743295095490013031006043  
 -222 38317546955467224144089853461610891212  
 -220 41823956283334334271877975465384942488  
 -218 45607699024920706589465148040959749038  
 -216 49686578705423392091952835971155641401  
 -214 54079181895849885656623818125120204685  
 -212 58804883097507848246534393278792785391  
 -210 63883846929791677559925343875103678208  
 -208 69337027403803082443086044819404525880  
 -206 75186164063659429106145161697771749635  
 -204 81453774777922883006958695472415031599  
 -202 88163144965510109739967099838693242659  
 -200 95338313043797280039261021312568202579  
 -198 103004051891494113451269846521096263598 
 -196 111185846125293537352133771427127064289 
 -194 119909864997373222114582838479464433410 
 -192 129202930730586977587021613065206425499 
 -190 139092482119684240622354125603137624733 
 -188 149606533240171500111513718722973530312 
 -186 160773627121506835425412039851161901379 
 -184 172622784258212768449175159561770096047 
 -182 185183445851206170842921187055230466214 
 -180 198485411692166943832155515259399105657 
 -178 212558772626075929566186335557285915945 
 -176 227433837551109163032595998360431617615 
 -174 243141054940827564635065779657549293872 
 -172 259710928900980804409720535413989901646 
 -170 277173929802168181691602453065991223435 
 -168 295560399559969134302066022734337872204 
 -166 314900451665856836613169257884495306837 
 -164 335223866105109961153636056801197109603 
 -162 356559979331894203880527579723707363958 
 -160 378937569506535499554231918906803194976 
 -158 402384737235575069420259798360835390858 
 -156 426928782091292427342705790581700555819 
 -154 452596075223802630447075132995228247458 
 -152 479411928415362219266721401128629287456 
 -150 507400459962926721230325455112171766542 
 -148 536584457811053185500210747612787063673 
 -146 566985240392686813768726291877206929393 
 -144 598622515669956581780679624659859321495 
 -142 631514238900570016176506641374865436859 
 -140 665676469687476883113235282604421963291 
 -138 701123228899897829693847706125316516098 
 -136 737866356082318767193787703362695747045 
 -134 775915367994368165962552607957064097385 
 -132 815277318948359086384988663041124325839 
 -130 855956663632432940867260197030644730627 
 -128 897955123125437685517386688575886570515 
 -126 941271554824669366493918671850684459650 
 -124 985901827019174861542293063346495510529 
 -122 1031838698849241798666108061998890346240
 -120 1079071706396792069300720914498646169992
 -118 1127587055651469792617462727398947184057
 -116 1177367523093115421225193071443436792758
 -114 1228392364622909925246045947167918335525
 -112 1280637233562646134328301273159303409851
 -110 1334074108424254007270807293841827031276
 -108 1388671231129816211415461454325766072493
 -106 1444393056335832412394782213439222333441
 -104 1501200212484427890745665872900246688055
 -102 1559049475168588611412941445090182206537
 -100 1617893753358406854825626920020423217299
 -98  1677682088990837784802316267534429583543
 -96  1738359670376729625779565466233374052948
 -94  1799867859826063184343307104632704836231
 -92  1862144235835617791190203175078048965038
 -90  1925122650122900176022914943165331565583
 -88  1988733299726391693339915973525934806262
 -86  2052902814325279605464614911536068404154
 -84  2117554358862160966859442175304212504738
 -82  2182607751480091905789205984023009280959
 -80  2247979596711175515151645637843560749629
 -78  2313583433778036711865921442129655191618
 -76  2379329899792442384246414321465588305610
 -74  2445126907557428979662950873278954597471
 -72  2510879837601052687039347084775583397493
 -70  2576491743991748137043038870071651765099
 -68  2641863573407748865869622196441795983501
 -66  2706894396856572389266805208204760463142
 -64  2771481653365693885794484012430749203718
 -62  2835521404892714534300370118506572046742
 -60  2898908601633059345062353927667766501299
 -58  2961537356835993635518788633069348933342
 -56  3023301230175995198393549312505265749283
 -54  3084093518666714462407298480817266578495
 -52  3143807554049333473113280550127427718547
 -50  3202337005536510916798448620062508061984
 -48  3259576186747664571770063472237930401543
 -46  3315420365631456469557324410101748747656
 -44  3369766076137340661603611502417478308236
 -42  3422511430370205928584454781321235912414
 -40  3473556429940756638583887733407391812667
 -38  3522803275209545937484891805875796217341
 -36  3570156671114687168014690113581429798535
 -34  3615524128272359595516203670350635729380
 -32  3658816258045386473357152055696321469594
 -30  3699947060288444879850729879476442039513
 -28  3738834202498868773499852045477862342737
 -26  3775399289129483503222445407125696610525
 -24  3809568119854368566482760617491541361280
 -22  3841270935619745764727232914937874569068
 -20  3870442651360145713762311124386527263745
 -18  3897023074314385135789290557917672798618
 -16  3920957106936414555466397615435974894553
 -14  3942194933462452517534041425943297619408
 -12  3960692189267649309049607430641974324811
 -10  3976410112222423290478199792658706266124
 -8   3989315675340153641898643841176298293929
 -6   3999381700093629292176001757566621310360
 -4   4006586949867050232282197508745875012073
 -2   4010916203102933485046225824595700416019
 0    4012360305798448466214345050408997303014
 2    4010916203102933485046225824595700416019
 4    4006586949867050232282197508745875012073
 6    3999381700093629292176001757566621310360
 8    3989315675340153641898643841176298293929
 10   3976410112222423290478199792658706266124
 12   3960692189267649309049607430641974324811
 14   3942194933462452517534041425943297619408
 16   3920957106936414555466397615435974894553
 18   3897023074314385135789290557917672798618
 20   3870442651360145713762311124386527263745
 22   3841270935619745764727232914937874569068
 24   3809568119854368566482760617491541361280
 26   3775399289129483503222445407125696610525
 28   3738834202498868773499852045477862342737
 30   3699947060288444879850729879476442039513
 32   3658816258045386473357152055696321469594
 34   3615524128272359595516203670350635729380
 36   3570156671114687168014690113581429798535
 38   3522803275209545937484891805875796217341
 40   3473556429940756638583887733407391812667
 42   3422511430370205928584454781321235912414
 44   3369766076137340661603611502417478308236
 46   3315420365631456469557324410101748747656
 48   3259576186747664571770063472237930401543
 50   3202337005536510916798448620062508061984
 52   3143807554049333473113280550127427718547
 54   3084093518666714462407298480817266578495
 56   3023301230175995198393549312505265749283
 58   2961537356835993635518788633069348933342
 60   2898908601633059345062353927667766501299
 62   2835521404892714534300370118506572046742
 64   2771481653365693885794484012430749203718
 66   2706894396856572389266805208204760463142
 68   2641863573407748865869622196441795983501
 70   2576491743991748137043038870071651765099
 72   2510879837601052687039347084775583397493
 74   2445126907557428979662950873278954597471
 76   2379329899792442384246414321465588305610
 78   2313583433778036711865921442129655191618
 80   2247979596711175515151645637843560749629
 82   2182607751480091905789205984023009280959
 84   2117554358862160966859442175304212504738
 86   2052902814325279605464614911536068404154
 88   1988733299726391693339915973525934806262
 90   1925122650122900176022914943165331565583
 92   1862144235835617791190203175078048965038
 94   1799867859826063184343307104632704836231
 96   1738359670376729625779565466233374052948
 98   1677682088990837784802316267534429583543
 100  1617893753358406854825626920020423217299
 102  1559049475168588611412941445090182206537
 104  1501200212484427890745665872900246688055
 106  1444393056335832412394782213439222333441
 108  1388671231129816211415461454325766072493
 110  1334074108424254007270807293841827031276
 112  1280637233562646134328301273159303409851
 114  1228392364622909925246045947167918335525
 116  1177367523093115421225193071443436792758
 118  1127587055651469792617462727398947184057
 120  1079071706396792069300720914498646169992
 122  1031838698849241798666108061998890346240
 124  985901827019174861542293063346495510529 
 126  941271554824669366493918671850684459650 
 128  897955123125437685517386688575886570515 
 130  855956663632432940867260197030644730627 
 132  815277318948359086384988663041124325839 
 134  775915367994368165962552607957064097385 
 136  737866356082318767193787703362695747045 
 138  701123228899897829693847706125316516098 
 140  665676469687476883113235282604421963291 
 142  631514238900570016176506641374865436859 
 144  598622515669956581780679624659859321495 
 146  566985240392686813768726291877206929393 
 148  536584457811053185500210747612787063673 
 150  507400459962926721230325455112171766542 
 152  479411928415362219266721401128629287456 
 154  452596075223802630447075132995228247458 
 156  426928782091292427342705790581700555819 
 158  402384737235575069420259798360835390858 
 160  378937569506535499554231918906803194976 
 162  356559979331894203880527579723707363958 
 164  335223866105109961153636056801197109603 
 166  314900451665856836613169257884495306837 
 168  295560399559969134302066022734337872204 
 170  277173929802168181691602453065991223435 
 172  259710928900980804409720535413989901646 
 174  243141054940827564635065779657549293872 
 176  227433837551109163032595998360431617615 
 178  212558772626075929566186335557285915945 
 180  198485411692166943832155515259399105657 
 182  185183445851206170842921187055230466214 
 184  172622784258212768449175159561770096047 
 186  160773627121506835425412039851161901379 
 188  149606533240171500111513718722973530312 
 190  139092482119684240622354125603137624733 
 192  129202930730586977587021613065206425499 
 194  119909864997373222114582838479464433410 
 196  111185846125293537352133771427127064289 
 198  103004051891494113451269846521096263598 
 200  95338313043797280039261021312568202579  
 202  88163144965510109739967099838693242659  
 204  81453774777922883006958695472415031599  
 206  75186164063659429106145161697771749635  
 208  69337027403803082443086044819404525880  
 210  63883846929791677559925343875103678208  
 212  58804883097507848246534393278792785391  
 214  54079181895849885656623818125120204685  
 216  49686578705423392091952835971155641401  
 218  45607699024920706589465148040959749038  
 220  41823956283334334271877975465384942488  
 222  38317546955467224144089853461610891212  
 224  35071443196344743295095490013031006043  
 226  32069383207190956244264655557630970725  
 228  29295859541697211475209400878535256419  
 230  26736105556476660565416931538322421348  
 232  24376080203956767231733569802920935983  
 234  22202451359604969640082950469082248552  
 236  20202577868400948973444500169033412698  
 238  18364490487950993879932333019044295859  
 240  16676871897671816005993332707278769697  
 242  15129035935135987607572811731892191884  
 244  13710906212048675861986083586078105872  
 246  12412994253491527519767783848831606182  
 248  11226377295096338756651565487021178247  
 250  10142675863766138770524901616657099207  
 252  9154031258507613002379345332973611264   
 254  8253083038934813869913596875639551534   
 256  7432946620103502556968206530760984079   
 258  6687191063587056357028133274832221081   
 260  6009817146152645236678368169204881654   
 262  5395235779079502201758368011569836671   
 264  4838246843114015840757359960006163179   
 266  4334018496308850032454593946761564386   
 268  3878067004570626084693987058242319461   
 270  3466237137663817735197297585117985058   
 272  3094683166704174466706682930958758745   
 274  2759850492836006058736909648068201099   
 276  2458457930833092379637021432436894351   
 278  2187480665798381602833017151203834030   
 280  1944133895965300497690638439563821917   
 282  1725857169822707048789580461489115164   
 284  1530299421392802583714592624580709376   
 286  1355304703480731045880680805604869312   
 288  1198898615077938453772679011048726909   
 290  1059275415828481961513828253526371300   
 292  934785817546477396533874061409437314    
 294  823925440190389638634172826129721366    
 296  725323917441291771351088816848005898    
 298  637734635081920150881442431742455217    
 300  560025083714905789630752919868018138    
 302  491167805974942123388816313484873764    
 304  430231917263421928783549126730493451    
 306  376375178147577375764143892573004257    
 308  328836595901653990645893741336210275    
 310  286929532207488688637178593707556039    
 312  250035293758605053198799699199310428    
 314  217597182408480509898702862754836619    
 316  189114981553314193829426212639440921    
 318  164139855626296619446196510900985031    
 320  142269639888527909195340218712305781    
 322  123144498116500791384083835537464922    
 324  106442926293336914035745758336082541    
 326  91878080997389633267481844881293196     
 328  79194411834853855545643345222701938     
 330  68164577970926111113861570243664465     
 332  58586629565941369673666404233611404     
 334  50281435708718754894245734858949556     
 336  43090341249848978704471069494052438     
 338  36873035764444055894063058355678365     
 340  31505618709338207648090070592604182     
 342  26878845677049656304717710483797700     
 344  22896541481908683742758027510226943     
 346  19474166637269385003814048193972054     
 348  16537524591976976327265256060325884     
 350  14021597885232700529805435097079749     
 352  11869502148266225070509989505025768     
 354  10031547625941249187807799654666290     
 356  8464398609261648810749155430045535      
 358  7130321858877122211451053010179222      
 360  5996515758718659785749579443927562      
 362  5034512566840053278580374124177932      
 364  4219646726782514444221530894434657      
 366  3530582767023058698455291958523549      
 368  2948896848311873202203709148956343      
 370  2458706519202934261893035252818728      
 372  2046343709310998752026366613895712      
 374  1700066428452427388062997015818308      
 376  1409805048673599465072331442985610      
 378  1166939426198864091734424575595533      
 380  964103472608062662314726559220343       
 382  795014110234570790297541041220091       
 384  654321847075244375450352257452224       
 386  537480482685022174273484775988171       
 388  440633709880274400898480909264254       
 390  360516608897802211065936137579145       
 392  294370242251341919790104175206709       
 394  239867751182730927810784445004037       
 396  195050529586393564881052723024958       
 398  158273209828563974770105827454317       
 400  128156338183969974561740557548766       
 402  103545746826403001909073656312491       
 404  83477745541621156416321828905011        
 406  67149360635991047597212746336629        
 408  53892941893062428595558171348760        
 410  43154541828514571643574001252099        
 412  34475545801203238471429226990062        
 414  27477097587819571673504367908041        
 416  21846923598732668839401045066853        
 418  17328210726021248697823989901443        
 420  13710238541297738329622774759048        
 422  10820506818903143297576599581742        
 424  8518134718036290812445917114633         
 426  6688338936639479573400617088565         
 428  5237825226653016622562392197925         
 430  4090951268300993503715655288158         
 432  3186539434112583984257217978665         
 434  2475235787717448864802508676406         
 436  1917327079504265537070944512986         
 438  1480940810066467577097660896854         
 440  1140564892155898538356098220244         
 442  875833284295546102844746292919          
 444  670532400729535090426521655991          
 446  511790306456555694941720587841          
 448  389416845206915824060380947346          
 450  295368065909486851191389922482          
 452  223312735838439158238932224338          
 454  168282467190598492534253676781          
 456  126390135448114408248052323866          
 458  94603917289447330683744861912           
 460  70566496773427753529293024103           
 462  52450845009768175243719358525           
 464  38845525870146960085167089938           
 466  28663766186843053062773860168           
 468  21071594330175512547555290719           
 470  15431231182393760986798461330           
 472  11256642342278503680896331725           
 474  8178755453222599773973894327            
 476  5918333535780218433886104410            
 478  4264892472648096141856519325            
 480  3060373813576652765376469201            
 482  2186545845983813398633269324            
 484  1555317309740730029033732440            
 486  1101318318582783674555444477            
 488  776239554940776361141893131             
 490  544529905722026330360954069             
 492  380139589293429853716533027             
 494  264064757947168381283883545             
 496  182504047665828791145871444             
 498  125480450381751168751558887             
 500  85815533754694188336976096              
 502  58369320200068458152427648              
 504  39479587921217689240130992              
 506  26550201299155497185187897              
 508  17750301491650885200981572              
 510  11795577034477084756214270              
 512  7790013861749304795235355               
 514  5111989364428503067946693               
 516  3332715900937259800060768               
 518  2158161553756188061586754               
 520  1387918869485404505187721               
 522  886241599890791698300701                
 524  561768802963903455720268                
 526  353415718665564702328507                
 528  220616369263965305466164                
 530  136618451667571604486575                
 532  83905766767575763307901                 
 534  51094101082811990871922                 
 536  30840834907904904746681                 
 538  18447250486752076027053                 
 540  10930863100902879987249                 
 542  6414378885536115633661                  
 544  3726357765330848743667                  
 546  2142340656878671994722                  
 548  1218433945185713124046                  
 550  685252852826639815001                   
 552  380934895551034712193                   
 554  209221454034271149694                   
 556  113477474414283493079                   
 558  60749178579874144673                    
 560  32082151999887327111                    
 562  16704302701680583862                    
 564  8569734869731659167                     
 566  4329067029870379727                     
 568  2151802005089822386                     
 570  1051627517225584733                     
 572  504915591917680426                      
 574  237952737518508526                      
 576  109967613552223976                      
 578  49784461455215035                       
 580  22054237446968086                       
 582  9548399716813142                        
 584  4034890719112312                        
 586  1661738353068622                        
 588  665927947697390                         
 590  259213412778410                         
 592  97814242758938                          
 594  35703722618623                          
 596  12575680441068                          
 598  4262490454456                           
 600  1385987640650                           
 602  430805130559                            
 604  127485570114                            
 606  35748066704                             
 608  9446244041                              
 610  2336914709                              
 612  537026584                               
 614  113542269                               
 616  21824599                                
 618  3756165                                 
 620  567322                                  
 622  73149                                   
 624  7734                                    
 626  629                                     
 628  35                                      
 630  1          