-120 1
-118 15
-116 119
-114 664
-112 2924
-110 10813
-108 34900
-106 100913
-104 266338
-102 650658
-100 1487262
-98 3208036
-96 6574987
-94 12876702
-92 24210652
-90 43874857
-88 76893687
-86 130701986
-84 216008661
-82 347854815
-80 546871981
-78 840732790
-76 1265769513
-74 1868715733
-72 2708503701
-70 3858025899
-68 5405745562
-66 7457019331
-64 10134977992
-62 13580800674
-60 17953216130
-58 23427073737
-56 30190848078
-54 38442975195
-52 48386965771
-50 60225299589
-48 74152174574
-46 90345259476
-44 108956677797
-42 130103527156
-40 153858307693
-38 180239689955
-36 209204091832
-34 240638550997
-32 274355370450
-30 310088978041
-28 347495375766
-26 386154462530
-24 425575398166
-22 465205041801
-20 504439350762
-18 542637474944
-16 579138134521
-14 613277734909
-12 644409560477
-10 671923305201
-8 695264150336
-6 713950590364
-4 727590240796
-2 735892934219
0 738680521142
2 735892934219
4 727590240796
6 713950590364
8 695264150336
10 671923305201
12 644409560477
14 613277734909
16 579138134521
18 542637474944
20 504439350762
22 465205041801
24 425575398166
26 386154462530
28 347495375766
30 310088978041
32 274355370450
34 240638550997
36 209204091832
38 180239689955
40 153858307693
42 130103527156
44 108956677797
46 90345259476
48 74152174574
50 60225299589
52 48386965771
54 38442975195
56 30190848078
58 23427073737
60 17953216130
62 13580800674
64 10134977992
66 7457019331
68 5405745562
70 3858025899
72 2708503701
74 1868715733
76 1265769513
78 840732790
80 546871981
82 347854815
84 216008661
86 130701986
88 76893687
90 43874857
92 24210652
94 12876702
96 6574987
98 3208036
100 1487262
102 650658
104 266338
106 100913
108 34900
110 10813
112 2924
114 664
116 119
118 15
120 1
