-91 1
-89 13
-87 90
-85 441
-83 1715
-81 5629
-79 16198
-77 41926
-75 99412
-73 218895
-71 452284
-69 884170
-67 1646177
-65 2934764
-63 5032235
-61 8330256
-59 13354639
-57 20789572
-55 31498907
-53 46541635
-51 67178356
-49 94865470
-47 131234038
-45 178050835
-43 237160055
-41 310405409
-39 399533919
-37 506084453
-35 631265833
-33 775831020
-31 939955265
-29 1123127045
-27 1324060932
-25 1540641165
-23 1769903560
-21 2008061518
-19 2250579364
-17 2492293227
-15 2727576366
-13 2950542516
-11 3155277747
-9 3336088769
-7 3487753817
-5 3605761397
-3 3686522377
-1 3727542188
1 3727542188
3 3686522377
5 3605761397
7 3487753817
9 3336088769
11 3155277747
13 2950542516
15 2727576366
17 2492293227
19 2250579364
21 2008061518
23 1769903560
25 1540641165
27 1324060932
29 1123127045
31 939955265
33 775831020
35 631265833
37 506084453
39 399533919
41 310405409
43 237160055
45 178050835
47 131234038
49 94865470
51 67178356
53 46541635
55 31498907
57 20789572
59 13354639
61 8330256
63 5032235
65 2934764
67 1646177
69 884170
71 452284
73 218895
75 99412
77 41926
79 16198
81 5629
83 1715
85 441
87 90
89 13
91 1
