    -1035 1                                                       
    -1033 45                                                      
    -1031 1034                                                    
    -1029 16169                                                   
    -1027 193499                                                  
    -1025 1889589                                                 
    -1023 15678870                                                
    -1021 113657422                                               
    -1019 734546032                                               
   -1017 4298041947                                              
   -1015 23046526516                                             
   -1013 114353850926                                            
   -1011 529270561189                                            
   -1009 2300298156544                                           
   -1007 9441106933059                                           
   -1005 36770120287103                                          
   -1003 136464073495963                                         
   -1001 484372497396274                                         
   -999  1649583299663734                                        
   -997  5405537461318729                                        
   -995  17087360746420405                                       
   -993  52223940186363785                                       
   -991  154636361299829361                                      
   -989  444431529264364506                                      
   -987  1241879523282614191                                     
   -985  3379099715632332943                                     
   -983  8965578386809715777                                     
   -981  23225767099322506954                                    
   -979  58815319192581290384                                    
   -977  145751827021892014734                                   
   -975  353817852502995744549                                   
   -973  842160400145022678335                                   
   -971  1967150832088997015314                                  
   -969  4512952303585878943609                                  
   -967  10176372407549240447814                                 
   -965  22570539010302930120361                                 
   -963  49271476415993362853486                                 
   -961  105931254488763656679997                                
   -959  224430256643727002271117                                
   -957  468820198585580425399942                                
   -955  966104081180194128846120                                
   -953  1964927711834881590793720                               
   -951  3946162119894180223105772                               
   -949  7828863480595182499284252                               
   -947  15349621427955289137847387                              
   -945  29753778742686611912492410                              
   -943  57041872597331885354989870                              
   -941  108194750662204555911308783                             
   -939  203107248523473503536915018                             
   -937  377476983805628141828802972                             
   -935  694758345576259834500513719                             
   -933  1266722751410864017118984518                            
   -931  2288518124627867695755176947                            
   -929  4097955079472276757037349577                            
   -927  7274950734030088728103845559                            
   -925  12807021318264360140396435981                           
   -923  22362589969331157318231343253                           
   -921  38738999024160080932411422301                           
   -919  66591598719532989056344390777                           
   -917  113611916506424960861875549346                          
   -915  192418488755211146635723632635                          
   -913  323571209772967268457952878584                          
   -911  540345571974760950394775575575                          
   -909  896246415335378830145699902198                          
   -907  1476760143216362494207200986957                         
   -905  2417625610848853352925670616283                         
   -903  3933072532605013536668104401867                         
   -901  6359214788755370365415107481750                         
   -899  10220358506440129740565629860110                        
   -897  16329771382660141605005584512946                        
   -895  25942004939106463987399991499741                        
   -893  40981941489117570656816182791897                        
   -891  64387453874232972541320521816803                        
   -889  100619473808884624838495724639675                       
   -887  156417550502339095772851770349429                       
   -885  241913705480438814178872101224158                       
   -883  372266817097633167916387246289018                       
   -881  570049817444262100861521677962669                       
   -879  868720833967779620404197618132074                       
   -877  1317648314777056791878740755609823                      
   -875  1989354571508680200241001315543807                      
   -873  2989913128382609448835789852606140                      
   -871  4473811444401980873116152991635837                      
   -869  6665110823039845909123752888516628                      
   -867  9887452090974225371641706697547405                      
   -865  14606439480852937944361540384748380                     
   -863  21489280696399106331043406123693047                     
   -861  31488394761197167097635253100952067                     
   -859  45958189237130064134559720791637487                     
   -857  66817578056490919232442122246450604                     
   -855  96775355909858703442499886589868222                     
   -853  139641654284398606841676463574520784                    
   -851  200756889640899510832914666213282919                    
   -849  287580546379123353649425931121240579                    
   -847  410496691994026084710218174865338137                    
   -845  583912439720776130393680439409193584                    
   -843  827751135923114448632706777395854631                    
   -841  1169475772790951417681805926698413868                   
   -839  1646822486763839598722771298792555897                   
  -837  2311482185949207055485799008915292415                   
  -835  3234044446493008998910587846715139317                   
  -833  4510617066037256916684298561021943954                   
  -831  6271663750144497283612177051519299569                   
  -829  8693769852636978774826382165762589356                   
  -827  12015262713134139501172261149166076125                  
  -825  16556892644095105663444230936182309144                  
  -823  22749140342401896839060298593051272540                  
  -821  31168178282152895919255596398999241264                  
  -819  42583104960489278399732296983836883066                  
  -817  58017826188937366474446131074963509721                  
  -815  78831920098385328005229616563749179255                  
  -813  106826046042163216858648699724007920304                 
  -811  144379009277945172040546399855652120360                 
  -809  194625556648771275142084295473804290320                 
  -807  261686456992089181292286938601657185652                 
  -805  350965541811713928389823481046057318050                 
  -803  469532305085365176748558246442934839748                 
  -801  626613580946764479980629335053966624302                 
  -799  834223974169887228511874947054216737120                 
  -797  1107972405162519460342980462357832256759                
  -795  1468091708924500074488305027464481480388                
  -793  1940750136587502096945567806798932590576                
  -791  2559718385951757251669325751238102234672                
  -789  3368484087845616338086861161942670717405                
  -787  4422928292702915457514203214302493802089                
  -785  5794706399956695483427538387779993932435                
  -783  7575510317785707699157417981466719012800                
  -781  9882430841107826795963038944345578240090                
  -779  12864690990070513425876426130735522437226               
  -777  16712084404015507976195254754382997160326               
  -775  21665530293096806189290316992533849289022               
  -773  28030250856878426913808414933996959335777               
  -771  36192192012418219686668322800688182487734               
  -769  46638447947320293437224131353184031822826               
  -767  59982619452850811995164457906314930058009               
  -765  76996241184995390405130103109423485624295               
  -763  98647661064669535153586492062702366827525               
  -761  126150054409836110923343686145720167324679              
  -759  161020616101995972627314114011034369655757              
  -757  205153407969138035849666404825449042766817              
  -755  260908859602749818285292915704837055043314              
  -753  331223545509867771093559451803189219991077              
  -751  419744609248430130382073520870986878624729              
  -749  530994098827953201113733792603853280744828              
  -747  670569543962729868394067312505421550763476              
  -745  845388376128063802814644246260902707585660              
  -743  1063985303514350842185898246876680525862646             
  -741  1336873547800190865339600890297809453757660             
  -739  1676982978217691816702295286142538038375472             
  -737  2100190698948981988315280518471542909223962             
  -735  2625962626263941335611186646004042587608013             
  -733  3278128110713678263190600748838022809762014             
  -731  4085813808429930002749671407977904145753332             
  -729  5084567889868883320063251050144731578105871             
  -727  6317711416428818499487039973013260645364137             
  -725  7837960456427174847760569358450939527470371             
  -723  9709370414717183628738341152229495305569094             
  -721  12009663302187997286933506155439812620969773            
  -719  14833009488051680958009839574460516844353503            
  -717  18293348106669825779157859383396008989059416            
  -715  22528345015529729226751679245160134503857414            
  -713  27704104346878684416727267838842651755566496            
  -711  34020769634201433764427821846055873996132537            
  -709  41719173650765188139538224773737677466072453            
  -707  51088722955165289408398717295528614198471888            
  -705  62476734249886776339724261058673585385839241            
  -703  76299475651015343275626698375233525066271595            
  -701  93055207553540134543956353626843995825763148            
  -699  113339565766439802954412532681127950944591078           
  -697  137863684902050658811957509531187394153098290           
  -695  167475523673126551915326609327423474783966833           
  -693  203184926951946133074549861819528186424308712           
  -691  246193043503613761695262796457896505873284183           
  -689  297926814714181484298877678142065307471568685           
  -687  360079360075746947690397160257117351480456359           
  -685  434657211557565403188003286010918559637011451           
  -683  524035493410297319854820389804842872999883042           
  -681  631022308805069274645207974887244010219824384           
  -679  758933782673149434051178121227562050404970407           
  -677  911681424177736889012594193545397457774862947           
  -675  1093873715761549470089963149006391584586073234          
  -673  1310934112407503166178974231205476334508687903          
  -671  1569237948790232858980830210137294161831917389          
  -669  1876271108023478461304533425741966959950915702          
  -667  2240813708884859750187687039143188586053052348          
  -665  2673152524462119048790367765536958290404779647          
  -663  3185326360481128886669431969197087714786019158          
  -661  3791409203205205810644057149905978652367112188          
  -659  4507836602554566955438384659738421653744478305          
  -657  5353781494629908523874211485125413964065835172          
  -655  6351586498686249334851320942353329589816458702          
  -653  7527260657331325300772939241035184145885035423          
  -651  8911049636932180883870260441879965194359956169          
  -649  10538089580690593351308345359223108623384453454         
  -647  12449156123651751618108398677800720665666432966         
  -645  14691521552481677314859251768573556343025419529         
  -643  17319934740124850725427908666918851951770829773         
  -641  20397740324992532282295185100012753244215646767         
  -639  23998155656444180286696894864217390147894303343         
  -637  28205726315209887178698096343239357970283251645         
  -635  33117983563300004714997177129812426241176850089         
  -633  38847329909292552572544092699392607467248811242         
  -631  45523182120471973883495688280535593696048211793         
  -629  53294404504438953305536283993780822435593924400         
  -627  62332069153559466476588635248515572914910699161         
  -625  72832584132916698485724116715454504848107709743         
  -623  85021235336322282074989690643970735188647109010         
  -621  99156192978798262846940823432610879610425815625         
  -619  115533039484655133938638792339834665306201574618        
  -617  134489881918519141854790050049779628987624069058        
  -615  156413119147051206682512458966384869974353663846        
  -613  181743941670532157679941773638944908274933870246        
  -611  210985650589330628519398061153193633642355702754        
  -609  244711891538627478937897761607295563768425956220        
  -607  283575909708753667875782619506183839304729352692        
  -605  328320943346487704203511830289473156169295554293        
  -603  379791885488578006365739328864546203757725799814        
  -601  438948357202347479468627970559730776967508167684        
  -599  506879350395341821520393543099114265500482712726        
  -597  584819614408814172587819774586963515872012113929        
  -595  674167978237264356271067333262326345961691600159        
  -593  776507819434066964655731591690195651808848771647        
  -591  893629911694423763929087713242100521299217244667        
  -589  1027557905881920558312611451537281759282693828220       
  -587  1180576724022033838752836953209049618401223381294       
  -585  1355264172671158473943595040104797123125301302329       
  -583  1554526111237447935208986276679435721520001546410       
  -581  1781635542442713271853808566979667974325939203031       
  -579  2040276026344156261971070443530451478625458703849       
  -577  2334589856360925332465729687509223656931625604990       
  -575  2669231475762401496707041688929347676634970420447       
  -573  3049426656270790861838400019548332679028023943219       
  -571  3481038007017165534077083966351999129744071552567       
  -569  3970637432283838615111838902383601693605626209215       
  -567  4525586210492294527023700421910693375770330257271       
  -565  5154123424989311145463335339785819534843583018166       
  -563  5865463539587858825185095580608770936979889721969       
  -561  6669903978786094448785470065189698997368818147846       
  -559  7578943644378102024463100624948482593892175900253       
  -557  8605413377053043280797810544245664909019135692904       
  -555  9763619453832034323336763080047395086045603096137       
  -553  11069501300098743945508639489314602158179662465616      
  -551  12540804688831678243733803385300693488829224465025      
  -549  14197271799740872283155053323040189728723572407462      
  -547  16060849617652243485159435737727914423032580279275      
  -545  18155918262976809235595925929742766789052784420305      
  -543  20509540967760653634108926721832021353294039427783      
  -541  23151737538948871012098513451177212884455668114342      
  -539  26115783286428042769666328233338058891972395533159      
  -537  29438535537452509387406382852413318053696584567944      
  -535  33160790011523762387637190254442757051880263995766      
  -533  37327669490990657779974725495990813611865511037867      
  -531  41989047392877009939466695082111236815405729446770      
  -529  47200009027021922431666896216079373986112551149356      
  -527  53021353514827626085997982215282319866761417634361      
  -525  59520139542029278622847412664979817619431961275129      
  -523  66770278328197361351471050367713504196769069242038      
  -521  74853177415406212446224481780065014894977691980255      
  -519  83858439108883340817356977457140352261831994794129      
  -517  93884617643703279334576626457179425167543861617233      
  -515  105040039403891907892660809004892349131853679498686     
  -513  117443690783819419584646669244004997321140087903777     
  -511  131226178556607954795399374255049365697273733977814     
  -509  146530767900553834199582005327122169691504954241422     
  -507  163514503532315852091857007446833753284116258479440     
  -505  182349419704858990868413685351703761071646667998487     
  -503  203223845148828997972971514181973134675157421579958     
  -501  226343809368078148584097073575660509362289817206378     
  -499  251934557043321226864949041381110202682878131962923     
  -497  280242177652168191983975565016392544890224426059975     
  -495  311535357778786261738211416440042194314831984113773     
  -493  346107263961849803930877093891396561238940659841017     
  -491  384277564314827621248562247960590666376536130079182     
  -489  426394597547540753064292025111581470397027826564759     
  -487  472837698421722266449836432145347746829492997612508     
  -485  524019689085356775790247625021524321173106735249386     
  -483  580389546150110319928833004144611797950203472973969     
  -481  642435253802320009214095613523900225247781201369381     
  -479  710686853669832378999635236677640594349254531672855     
  -477  785719702603385147834789313551930904981177489664648     
  -475  868157949971030396407770732295605889717145664310628     
  -473  958678246505990499746444176460465107293727986059080     
  -471  1058013697190890493387656600382959182013247611484208    
  -469  1166958071102963226292647152091018070426792010697987    
  -467  1286370281583886108598299694841988871243853407158455    
  -465  1417179150532554316246162230638111090786393411338949    
  -463  1560388471047359649716063619669951559281525612578533    
  -461  1717082383064319287640321950055629750855221110032378    
  -459  1888431077046431888322868253131710748308618047009562    
  -457  2075696841175530113182313002848948869517582103486659    
  -455  2280240467878099947697016706901923692977471120626635    
  -453  2503528035878349287461566416945744619134926284660289    
  -451  2747138084312381497563959292826471006979377761602815    
  -449  3012769195753663712929392560897785368247313912419441    
  -447  3302248005288924276315236319832691575016513154948713    
  -445  3617537653041870263760899447841080832144317445675483    
  -443  3960746697766239811157373780860416991864755365312019    
  -441  4334138509316107332656599208181493688434624849239173    
  -439  4740141157946316317967302949973123930735283224372426    
  -437  5181357818495564060903775804756543023434754050009801    
  -435  5660577707555017537927362290241947009669011668350355    
  -433  6180787571722291219254112531681270585447685309450686    
  -431  6745183744979944884896707325691831531257988741781442    
  -429  7357184793115038387652985603388868629786305047713703    
  -427  8020444762907293889453727247339141825214718659657906    
  -425  8738867053553566463883162875484321628659760313066470    
  -423  9516618927461044982173717933802020442127618641672367    
  -421  10358146677126276694375505581058662867481787147133949   
  -419  11268191464317072027038507807109214546416527969099295   
  -417  12251805847184920006412675110044466534974591208468490   
  -415  13314371010252044542003850058578768856036153579582504   
  -413  14461614711434988006299377945560565971910907938440764   
  -411  15699629959380987412778474379449933684175581463959664   
  -409  17034894433399834032935349573749169817730011118215305   
  -407  18474290657167884361699584299215808153771114877816323   
  -405  20025126936158029027536470223981100559859708364157470   
  -403  21695159067405467460223914718883873095648022527636923   
  -401  23492612828749978375910230231760061400054481396673426   
  -399  25426207253097103391820033930487470646563422222575174   
  -397  27505178691509571745909101901400413390428155861366874   
  -395  29739305667072930949199171783402834985949049733163181   
  -393  32138934519472529261250970051162034275093857043763823   
  -391  34715005838069846112278500255341776596000888901756560   
  -389  37479081678972150330518813277627857285933181662265414   
  -387  40443373559148420034703917935176633124573347467306600   
  -385  43620771218054625087227564371920793467078256577236006   
  -383  47024872134491535803557024761602438691669786568799538   
  -381  50670011783527337074164068523180805630939894982915587   
  -379  54571294615275160548236771529646115597572612751712782   
  -377  58744625734122407155175944361404426568369249430860328   
  -375  63206743253665202869074875239061107147961224524862695   
  -373  67975251299108907534570398286020274024813234795014543   
  -371  73068653625256318535822271881772832520694811102315849   
  -369  78506387814421792662395824897092222243885880517261967   
  -367  84308860014685372402878749785315384038326627437804479   
  -365  90497480174840306092339518118944339956777536937689907   
  -363  97094697728195019984339150024454295317586472200717247   
  -361  104124037673072352868108430358387737911332765045094841  
  -359  111610136993411237479187991072611727462831035013453405  
  -357  119578781358326386897872706008643550641004725478015873  
  -355  128056942034828160786760754895806122932800936475256908  
  -353  137072812943156769818066412682303016007228308172262304  
  -351  146655847779352348713637109277015248527045381869417579  
  -349  156836797124776121199340939290498809864242092949282480  
  -347  167647745457329746317487443851282521409779277322839335  
  -345  179122147974102753938593866742662639117080188016766882  
  -343  191294867130125456179276766943471192924052797126348045  
  -341  204202208792831497040361603081015923014350146327510011  
  -339  217881957906755834057404784950164672485560037590452061  
  -337  232373413557926905634466963318146765878413195704302101  
  -335  247717423322373398052529127691441078969407581328656604  
  -333  263956416778174639958908170883243443463748526323424760  
  -331  281134438055558330242361849904561133039720806575034622  
  -329  299297177294709987908646350588122037177638750429379041  
  -327  318492000876225936509682104001272396644318677074820877  
  -325  338767980284537295331612375304155283179858363014421960  
  -323  360175919460178553584968183745917433988579151164031533  
  -321  382768380492493726103704023911805821197886212622947179  
  -319  406599707500289314149368335685911184931574553112459174  
  -317  431726048544080358369241461053778199941820354015995593  
  -315  458205375409958294003443935925405099670155494033541404  
  -313  486097501101762037359576276611178502444129358900774931  
  -311  515464094875182022724669830174866757075891744595382870  
  -309  546368694644696303424958375986171708289903216808287696  
  -307  578876716591854034232360756944936248625306901132656812  
  -305  613055461801410449269198419524706320952206622213581974  
  -303  648974119750204608162949162170427547735554560000138869  
  -301  686703768472482354355492308680275576195868264210196383  
  -299  726317371224627541435108988120726366377795697443224615  
  -297  767889769471999732222186619504497714987538331920224412  
  -295  811497672020810911631195323959743965879565354326528904  
  -293  857219640118731366104827112874807616808310950125101665  
  -291  905136068349219175154564194592333725889981594173411024  
  -289  955329161146441334286712870595390981082615556669432933  
  -287  1007882904760119052713490846287458688728671014058494963 
  -285  1062883034502705855308497737794223377229335791953138016 
  -283  1120416997115014191466712459746726418638406516923449606 
  -281  1180573908090762423244935002367133694090578648949995515 
  -279  1243444503805535995095152664980296132835424476548667628 
  -277  1309121088301359366047205127125739605778274980692776911 
  -275  1377697474584472296539009811099415675493785823110900056 
  -273  1449268920301006878732472929248852381121682794979500977 
  -271  1523932057663079876413749465219178355150869856337256001 
  -269  1601784817506356013767949406884893659295529505980828300 
  -267  1682926347369407137212248944496807885278718510080348909 
  -265  1767456923495192671752386978361852430641628232077315817 
  -263  1855477856665719077701481852075024609840390667868826999 
  -261  1947091391792398128241066930702046915865525031383946320 
  -259  2042400601196811185327208954299125996466649585038951469 
  -257  2141509271529491939088437004241471972519074482514419636 
  -255  2244521784287953173063802601675564389873047127866611615 
  -253  2351542989909491016661275306631669912514431165343321124 
  -251  2462678075429286884049844232327014712385656903257582111 
  -249  2578032425709973897735937146451049064303008172707125150 
  -247  2697711478265119013881358896552426130551874480358241067 
  -245  2821820571715969161055261209386328288435658065364236587 
  -243  2950464787938291200639486322572086062121098727750138729 
  -241  3083748787974169995824302089802135653072344574915673837 
  -239  3221776641802181768044267028470713250386443238661404770 
  -237  3364651652078393515697541855766804986694846946705380448 
  -235  3512476171980112743149975992875839178824768270872280833 
  -233  3665351417304181189469962348673243018691700410738541098 
  -231  3823377272991824714933875060849589316355865099917796627 
  -229  3986652094272589089533464738686436480222689203017284030 
  -227  4155272502640655331757988242265121352737772088588456726 
  -225  4329333176897782870628374339917263009746859451928520219 
  -223  4508926639518215862107462385705628523447988953082618905 
  -221  4694143038612046627438186054489092919761439626475734427 
  -219  4885069925784697109328129831888427251633883054005396469 
  -217  5081792030211288896011128353462103051491839234584328305 
  -215  5284391029265657062769148830855198383770211850188142614 
  -213  5492945316064553210982831400748697715051458664065823811 
  -211  5707529764308107291258626586642820175383687971938698791 
  -209  5928215490817803191536451514148650169742196328304482796 
  -207  6155069616192995452286964425558352411287049309772923881 
  -205  6388155024026278557783311582662980219497476805921766728 
  -203  6627530119136739928286016523373470447512133459536826048 
  -201  6873248585298206306441112582782719473378630903738998178 
  -199  7125359142956953682492834464779225313003763516726407327 
  -197  7383905307449916189788039955782647553471647494192757073 
  -195  7648925148250122724362858360627771483746993887781443082 
  -193  7920451049780835139532910534558929386065493082181210667 
  -191  8198509474353583316381856972229306016689846141841791151 
  -189  8483120727797915935308811779912802096907746144762235967 
  -187  8774298728362138546515669241357296151954917262256237734 
  -185  9072050779474521497963763362694514242738405141298620365 
  -183  9376377346963360447351316049045747720651318399999358115 
  -181  9687271841341794974911499032724136004228328882899465168 
  -179  10004720405769372351440959362397218123633955788871805780
  -177  10328701710306922949310790363648847108767260599720175548
  -175  10659186753084333594527749839482636746200256050297530113
  -173  10996138669002211464219721062414474390436899264865355561
  -171  11339512546588173991748141627468921970214299582400958231
  -169  11689255253626533934184672600968189563361921133067770643
  -167  12045305272176432077051161969613160480491144823607538280
  -165  12407592543587966573269135944763152394220307735642811540
  -163  12776038324118546252474192482809447154324203638008152578
  -161  13150555051742529295871266598253516563732137212844880235
  -159  13531046224736177872304127478282230251250539712447618036
  -157  13917406292607048829447638016408604480153504057316977035
  -155  14309520559922141419066352911638081152983989730139703511
  -153  14707265103572432508548662486992404911560695294637373096
  -151  15110506703992851265941937654282158300586798392944513450
  -149  15519102790836288786817292947737091264259826078326760493
  -147  15932901403577919970290252587444779051657566451517969230
  -145  16351741167501958181275199276191251548614841275053996466
  -143  16775451285496997580053740609561696050631817212163789779
  -141  17203851546058359917382275330519800679896257496470062635
  -139  17636752347866395297132621419267761748384233565385744400
  -137  18073954741278539859909535433632864609224219670315645946
  -135  18515250487040164215107654547514604962238888159700322096
  -133  18960422132484918073265628245332470978621513639274001155
  -131  19409243105459458797695497444779713933165176804796402100
  -129  19861477826170220845057274054237441202814957853799380395
  -127  20316881837111321944379864420143837478482089988447720808
  -125  20775201951192899151830162564846747124694148056565138462
  -123  21236176418148218327432867525211566365524694553435299363
  -121  21699535109255904531215173864355533876367855678898400463
  -119  22164999720370704206379825873407748719483927962227562607
  -117  22632283993212423858674102412615127204368075566518195355
  -115  23101093954818210178151067729857949360500155684306615282
  -113  23571128175018263648165218671899303150036131765680404703
  -111  24042078041749536301901393390784301342437734863958875308
  -109  24513628053976082887474380956267995085944676344640577634
  -107  24985456131938645173143187088180234351644160976674423188
  -105  25457233944409886347503820534037921865822346490412433936
  -103  25928627252585593891028012074593830179683267356106039137
  -101  26399296270196274469206899653380674160054390330667354934
  -99   26868896039378014517754803814338609307078089740815901555
  -97   27337076821796417607423284913599938022782445840691743154
  -95   27803484504472997402105770930710624724528256748969215767
  -93   28267761019719746227406990679187985034193315039360816644
  -91   28729544778544856758634155712441980791696074857797991355
  -89   29188471116850890050944633303290798275494322480312503941
  -87   29644172753706197602699503877119216594301506039620891653
  -85   30096280260931256971358237549502058759673083965009624112
  -83   30544422543203905802066591294730308663482471767457404221
  -81   30988227327851391158732825358225587746777411175840019704
  -79   31427321663462819447092891317229798926541488569356451889
  -77   31861332426423122663240923470315902438773842767079471225
  -75   32289886834439170353604555363715371174477191803946380325
  -73   32712612966100269696022123446954920268426083281690677460
  -71   33129140285489119189256099079981529156963655436863344983
  -69   33539100170835419310350842958374257967270969774017806478
  -67   33942126446182894518786974708083024325664297391692351893
  -65   34337855915021536694023562195306775846683963149853390467
  -63   34725928894820524813556168011495463753683871992672515042
  -61   35105989751383586141332605811216155374376563249907894957
  -59   35477687431937609180806261107484203352545367298450436929
  -57   35840675995857158655904085557622153389484803346241027338
  -55   36194615141922229744740834684998641227794097976125857113
  -53   36539170731004155790428999832817665570116374177480588263
  -51   36874015303075084757639375567528153029897624422077731170
  -49   37198828587439889517941839402739502951470369493047975727
  -47   37513298005095790906337139238101074068122996525542414008
  -45   37817119162134356086716662383323450396849797866113984547
  -43   38109996333112884104528386902517979165521794904669565720
  -41   38391642933337491857287896294903753442362790540307505409
  -39   38661781979018443577895191172694731211298045125587030156
  -37   38920146534279392049450865332493226596685997248131107302
  -35   39166480144026177199708841322314215710498931091217251588
  -33   39400537251707604892957430045393858290478070700802704908
  -31   39622083601030143596715174148065283361265446274806212369
  -29   39830896620720657779530263511385843341227573873782671439
  -27   40026765791466063904712871116882185846406143163370040541
  -25   40209492994196058351911308679396648161746276825940708056
  -23   40378892838914728544638583830415314415898380119229592852
  -21   40534792973328812707040413746359218624239865618357321018
  -19   40677034370564505777595685069926468685613223736511547887
  -17   40805471595310897244837895483254276463343266552627505930
  -15   40919973047776242031861449923613781555500370028254282733
  -13   41020421184893172284234346811486258716994196203751928518
  -11   41106712718260513963127761618490430136003225488092139423
  -9    41178758788362429662683485465983983616725766951121733649
  -7    41236485114660014916140633342348811164862538796113018700
  -5    41279832121206071526611537038009938274852247957045874472
  -3    41308755037490406043798524934208486137068731927219432647
  -1    41323223974280488654716520112021059509406938334138525576
  1     41323223974280488654716520112021059509406938334138525576
  3     41308755037490406043798524934208486137068731927219432647
  5     41279832121206071526611537038009938274852247957045874472
  7     41236485114660014916140633342348811164862538796113018700
  9     41178758788362429662683485465983983616725766951121733649
  11    41106712718260513963127761618490430136003225488092139423
  13    41020421184893172284234346811486258716994196203751928518
  15    40919973047776242031861449923613781555500370028254282733
  17    40805471595310897244837895483254276463343266552627505930
  19    40677034370564505777595685069926468685613223736511547887
  21    40534792973328812707040413746359218624239865618357321018
  23    40378892838914728544638583830415314415898380119229592852
  25    40209492994196058351911308679396648161746276825940708056
  27    40026765791466063904712871116882185846406143163370040541
  29    39830896620720657779530263511385843341227573873782671439
  31    39622083601030143596715174148065283361265446274806212369
  33    39400537251707604892957430045393858290478070700802704908
  35    39166480144026177199708841322314215710498931091217251588
  37    38920146534279392049450865332493226596685997248131107302
  39    38661781979018443577895191172694731211298045125587030156
  41    38391642933337491857287896294903753442362790540307505409
  43    38109996333112884104528386902517979165521794904669565720
  45    37817119162134356086716662383323450396849797866113984547
  47    37513298005095790906337139238101074068122996525542414008
  49    37198828587439889517941839402739502951470369493047975727
  51    36874015303075084757639375567528153029897624422077731170
  53    36539170731004155790428999832817665570116374177480588263
  55    36194615141922229744740834684998641227794097976125857113
  57    35840675995857158655904085557622153389484803346241027338
  59    35477687431937609180806261107484203352545367298450436929
  61    35105989751383586141332605811216155374376563249907894957
  63    34725928894820524813556168011495463753683871992672515042
  65    34337855915021536694023562195306775846683963149853390467
  67    33942126446182894518786974708083024325664297391692351893
  69    33539100170835419310350842958374257967270969774017806478
  71    33129140285489119189256099079981529156963655436863344983
  73    32712612966100269696022123446954920268426083281690677460
  75    32289886834439170353604555363715371174477191803946380325
  77    31861332426423122663240923470315902438773842767079471225
  79    31427321663462819447092891317229798926541488569356451889
  81    30988227327851391158732825358225587746777411175840019704
  83    30544422543203905802066591294730308663482471767457404221
  85    30096280260931256971358237549502058759673083965009624112
  87    29644172753706197602699503877119216594301506039620891653
  89    29188471116850890050944633303290798275494322480312503941
  91    28729544778544856758634155712441980791696074857797991355
  93    28267761019719746227406990679187985034193315039360816644
  95    27803484504472997402105770930710624724528256748969215767
  97    27337076821796417607423284913599938022782445840691743154
  99    26868896039378014517754803814338609307078089740815901555
  101   26399296270196274469206899653380674160054390330667354934
  103   25928627252585593891028012074593830179683267356106039137
  105   25457233944409886347503820534037921865822346490412433936
  107   24985456131938645173143187088180234351644160976674423188
  109   24513628053976082887474380956267995085944676344640577634
  111   24042078041749536301901393390784301342437734863958875308
  113   23571128175018263648165218671899303150036131765680404703
  115   23101093954818210178151067729857949360500155684306615282
  117   22632283993212423858674102412615127204368075566518195355
  119   22164999720370704206379825873407748719483927962227562607
  121   21699535109255904531215173864355533876367855678898400463
  123   21236176418148218327432867525211566365524694553435299363
  125   20775201951192899151830162564846747124694148056565138462
  127   20316881837111321944379864420143837478482089988447720808
  129   19861477826170220845057274054237441202814957853799380395
  131   19409243105459458797695497444779713933165176804796402100
  133   18960422132484918073265628245332470978621513639274001155
  135   18515250487040164215107654547514604962238888159700322096
  137   18073954741278539859909535433632864609224219670315645946
  139   17636752347866395297132621419267761748384233565385744400
  141   17203851546058359917382275330519800679896257496470062635
  143   16775451285496997580053740609561696050631817212163789779
  145   16351741167501958181275199276191251548614841275053996466
  147   15932901403577919970290252587444779051657566451517969230
  149   15519102790836288786817292947737091264259826078326760493
  151   15110506703992851265941937654282158300586798392944513450
  153   14707265103572432508548662486992404911560695294637373096
  155   14309520559922141419066352911638081152983989730139703511
  157   13917406292607048829447638016408604480153504057316977035
  159   13531046224736177872304127478282230251250539712447618036
  161   13150555051742529295871266598253516563732137212844880235
  163   12776038324118546252474192482809447154324203638008152578
  165   12407592543587966573269135944763152394220307735642811540
  167   12045305272176432077051161969613160480491144823607538280
  169   11689255253626533934184672600968189563361921133067770643
  171   11339512546588173991748141627468921970214299582400958231
  173   10996138669002211464219721062414474390436899264865355561
  175   10659186753084333594527749839482636746200256050297530113
  177   10328701710306922949310790363648847108767260599720175548
  179   10004720405769372351440959362397218123633955788871805780
  181   9687271841341794974911499032724136004228328882899465168 
  183   9376377346963360447351316049045747720651318399999358115 
  185   9072050779474521497963763362694514242738405141298620365 
  187   8774298728362138546515669241357296151954917262256237734 
  189   8483120727797915935308811779912802096907746144762235967 
  191   8198509474353583316381856972229306016689846141841791151 
  193   7920451049780835139532910534558929386065493082181210667 
  195   7648925148250122724362858360627771483746993887781443082 
  197   7383905307449916189788039955782647553471647494192757073 
  199   7125359142956953682492834464779225313003763516726407327 
  201   6873248585298206306441112582782719473378630903738998178 
  203   6627530119136739928286016523373470447512133459536826048 
  205   6388155024026278557783311582662980219497476805921766728 
  207   6155069616192995452286964425558352411287049309772923881 
  209   5928215490817803191536451514148650169742196328304482796 
  211   5707529764308107291258626586642820175383687971938698791 
  213   5492945316064553210982831400748697715051458664065823811 
  215   5284391029265657062769148830855198383770211850188142614 
  217   5081792030211288896011128353462103051491839234584328305 
  219   4885069925784697109328129831888427251633883054005396469 
  221   4694143038612046627438186054489092919761439626475734427 
  223   4508926639518215862107462385705628523447988953082618905 
  225   4329333176897782870628374339917263009746859451928520219 
  227   4155272502640655331757988242265121352737772088588456726 
  229   3986652094272589089533464738686436480222689203017284030 
  231   3823377272991824714933875060849589316355865099917796627 
  233   3665351417304181189469962348673243018691700410738541098 
  235   3512476171980112743149975992875839178824768270872280833 
  237   3364651652078393515697541855766804986694846946705380448 
  239   3221776641802181768044267028470713250386443238661404770 
  241   3083748787974169995824302089802135653072344574915673837 
  243   2950464787938291200639486322572086062121098727750138729 
  245   2821820571715969161055261209386328288435658065364236587 
  247   2697711478265119013881358896552426130551874480358241067 
  249   2578032425709973897735937146451049064303008172707125150 
  251   2462678075429286884049844232327014712385656903257582111 
  253   2351542989909491016661275306631669912514431165343321124 
  255   2244521784287953173063802601675564389873047127866611615 
  257   2141509271529491939088437004241471972519074482514419636 
  259   2042400601196811185327208954299125996466649585038951469 
  261   1947091391792398128241066930702046915865525031383946320 
  263   1855477856665719077701481852075024609840390667868826999 
  265   1767456923495192671752386978361852430641628232077315817 
  267   1682926347369407137212248944496807885278718510080348909 
  269   1601784817506356013767949406884893659295529505980828300 
  271   1523932057663079876413749465219178355150869856337256001 
  273   1449268920301006878732472929248852381121682794979500977 
  275   1377697474584472296539009811099415675493785823110900056 
  277   1309121088301359366047205127125739605778274980692776911 
  279   1243444503805535995095152664980296132835424476548667628 
  281   1180573908090762423244935002367133694090578648949995515 
  283   1120416997115014191466712459746726418638406516923449606 
  285   1062883034502705855308497737794223377229335791953138016 
  287   1007882904760119052713490846287458688728671014058494963 
  289   955329161146441334286712870595390981082615556669432933  
  291   905136068349219175154564194592333725889981594173411024  
  293   857219640118731366104827112874807616808310950125101665  
  295   811497672020810911631195323959743965879565354326528904  
  297   767889769471999732222186619504497714987538331920224412  
  299   726317371224627541435108988120726366377795697443224615  
  301   686703768472482354355492308680275576195868264210196383  
  303   648974119750204608162949162170427547735554560000138869  
  305   613055461801410449269198419524706320952206622213581974  
  307   578876716591854034232360756944936248625306901132656812  
  309   546368694644696303424958375986171708289903216808287696  
  311   515464094875182022724669830174866757075891744595382870  
  313   486097501101762037359576276611178502444129358900774931  
  315   458205375409958294003443935925405099670155494033541404  
  317   431726048544080358369241461053778199941820354015995593  
  319   406599707500289314149368335685911184931574553112459174  
  321   382768380492493726103704023911805821197886212622947179  
  323   360175919460178553584968183745917433988579151164031533  
  325   338767980284537295331612375304155283179858363014421960  
  327   318492000876225936509682104001272396644318677074820877  
  329   299297177294709987908646350588122037177638750429379041  
  331   281134438055558330242361849904561133039720806575034622  
  333   263956416778174639958908170883243443463748526323424760  
  335   247717423322373398052529127691441078969407581328656604  
  337   232373413557926905634466963318146765878413195704302101  
  339   217881957906755834057404784950164672485560037590452061  
  341   204202208792831497040361603081015923014350146327510011  
  343   191294867130125456179276766943471192924052797126348045  
  345   179122147974102753938593866742662639117080188016766882  
  347   167647745457329746317487443851282521409779277322839335  
  349   156836797124776121199340939290498809864242092949282480  
  351   146655847779352348713637109277015248527045381869417579  
  353   137072812943156769818066412682303016007228308172262304  
  355   128056942034828160786760754895806122932800936475256908  
  357   119578781358326386897872706008643550641004725478015873  
  359   111610136993411237479187991072611727462831035013453405  
  361   104124037673072352868108430358387737911332765045094841  
  363   97094697728195019984339150024454295317586472200717247   
  365   90497480174840306092339518118944339956777536937689907   
  367   84308860014685372402878749785315384038326627437804479   
  369   78506387814421792662395824897092222243885880517261967   
  371   73068653625256318535822271881772832520694811102315849   
  373   67975251299108907534570398286020274024813234795014543   
  375   63206743253665202869074875239061107147961224524862695   
  377   58744625734122407155175944361404426568369249430860328   
  379   54571294615275160548236771529646115597572612751712782   
  381   50670011783527337074164068523180805630939894982915587   
  383   47024872134491535803557024761602438691669786568799538   
  385   43620771218054625087227564371920793467078256577236006   
  387   40443373559148420034703917935176633124573347467306600   
  389   37479081678972150330518813277627857285933181662265414   
  391   34715005838069846112278500255341776596000888901756560   
  393   32138934519472529261250970051162034275093857043763823   
  395   29739305667072930949199171783402834985949049733163181   
  397   27505178691509571745909101901400413390428155861366874   
  399   25426207253097103391820033930487470646563422222575174   
  401   23492612828749978375910230231760061400054481396673426   
  403   21695159067405467460223914718883873095648022527636923   
  405   20025126936158029027536470223981100559859708364157470   
  407   18474290657167884361699584299215808153771114877816323   
  409   17034894433399834032935349573749169817730011118215305   
  411   15699629959380987412778474379449933684175581463959664   
  413   14461614711434988006299377945560565971910907938440764   
  415   13314371010252044542003850058578768856036153579582504   
  417   12251805847184920006412675110044466534974591208468490   
  419   11268191464317072027038507807109214546416527969099295   
  421   10358146677126276694375505581058662867481787147133949   
  423   9516618927461044982173717933802020442127618641672367    
  425   8738867053553566463883162875484321628659760313066470    
  427   8020444762907293889453727247339141825214718659657906    
  429   7357184793115038387652985603388868629786305047713703    
  431   6745183744979944884896707325691831531257988741781442    
  433   6180787571722291219254112531681270585447685309450686    
  435   5660577707555017537927362290241947009669011668350355    
  437   5181357818495564060903775804756543023434754050009801    
  439   4740141157946316317967302949973123930735283224372426    
  441   4334138509316107332656599208181493688434624849239173    
  443   3960746697766239811157373780860416991864755365312019    
  445   3617537653041870263760899447841080832144317445675483    
  447   3302248005288924276315236319832691575016513154948713    
  449   3012769195753663712929392560897785368247313912419441    
  451   2747138084312381497563959292826471006979377761602815    
  453   2503528035878349287461566416945744619134926284660289    
  455   2280240467878099947697016706901923692977471120626635    
  457   2075696841175530113182313002848948869517582103486659    
  459   1888431077046431888322868253131710748308618047009562    
  461   1717082383064319287640321950055629750855221110032378    
  463   1560388471047359649716063619669951559281525612578533    
  465   1417179150532554316246162230638111090786393411338949    
  467   1286370281583886108598299694841988871243853407158455    
  469   1166958071102963226292647152091018070426792010697987    
  471   1058013697190890493387656600382959182013247611484208    
  473   958678246505990499746444176460465107293727986059080     
  475   868157949971030396407770732295605889717145664310628     
  477   785719702603385147834789313551930904981177489664648     
  479   710686853669832378999635236677640594349254531672855     
  481   642435253802320009214095613523900225247781201369381     
  483   580389546150110319928833004144611797950203472973969     
  485   524019689085356775790247625021524321173106735249386     
  487   472837698421722266449836432145347746829492997612508     
  489   426394597547540753064292025111581470397027826564759     
  491   384277564314827621248562247960590666376536130079182     
  493   346107263961849803930877093891396561238940659841017     
  495   311535357778786261738211416440042194314831984113773     
  497   280242177652168191983975565016392544890224426059975     
  499   251934557043321226864949041381110202682878131962923     
  501   226343809368078148584097073575660509362289817206378     
  503   203223845148828997972971514181973134675157421579958     
  505   182349419704858990868413685351703761071646667998487     
  507   163514503532315852091857007446833753284116258479440     
  509   146530767900553834199582005327122169691504954241422     
  511   131226178556607954795399374255049365697273733977814     
  513   117443690783819419584646669244004997321140087903777     
  515   105040039403891907892660809004892349131853679498686     
  517   93884617643703279334576626457179425167543861617233      
  519   83858439108883340817356977457140352261831994794129      
  521   74853177415406212446224481780065014894977691980255      
  523   66770278328197361351471050367713504196769069242038      
  525   59520139542029278622847412664979817619431961275129      
  527   53021353514827626085997982215282319866761417634361      
  529   47200009027021922431666896216079373986112551149356      
  531   41989047392877009939466695082111236815405729446770      
  533   37327669490990657779974725495990813611865511037867      
  535   33160790011523762387637190254442757051880263995766      
  537   29438535537452509387406382852413318053696584567944      
  539   26115783286428042769666328233338058891972395533159      
  541   23151737538948871012098513451177212884455668114342      
  543   20509540967760653634108926721832021353294039427783      
  545   18155918262976809235595925929742766789052784420305      
  547   16060849617652243485159435737727914423032580279275      
  549   14197271799740872283155053323040189728723572407462      
  551   12540804688831678243733803385300693488829224465025      
  553   11069501300098743945508639489314602158179662465616      
  555   9763619453832034323336763080047395086045603096137       
  557   8605413377053043280797810544245664909019135692904       
  559   7578943644378102024463100624948482593892175900253       
  561   6669903978786094448785470065189698997368818147846       
  563   5865463539587858825185095580608770936979889721969       
  565   5154123424989311145463335339785819534843583018166       
  567   4525586210492294527023700421910693375770330257271       
  569   3970637432283838615111838902383601693605626209215       
  571   3481038007017165534077083966351999129744071552567       
  573   3049426656270790861838400019548332679028023943219       
  575   2669231475762401496707041688929347676634970420447       
  577   2334589856360925332465729687509223656931625604990       
  579   2040276026344156261971070443530451478625458703849       
  581   1781635542442713271853808566979667974325939203031       
  583   1554526111237447935208986276679435721520001546410       
  585   1355264172671158473943595040104797123125301302329       
  587   1180576724022033838752836953209049618401223381294       
  589   1027557905881920558312611451537281759282693828220       
  591   893629911694423763929087713242100521299217244667        
  593   776507819434066964655731591690195651808848771647        
  595   674167978237264356271067333262326345961691600159        
  597   584819614408814172587819774586963515872012113929        
  599   506879350395341821520393543099114265500482712726        
  601   438948357202347479468627970559730776967508167684        
  603   379791885488578006365739328864546203757725799814        
  605   328320943346487704203511830289473156169295554293        
  607   283575909708753667875782619506183839304729352692        
  609   244711891538627478937897761607295563768425956220        
  611   210985650589330628519398061153193633642355702754        
  613   181743941670532157679941773638944908274933870246        
  615   156413119147051206682512458966384869974353663846        
  617   134489881918519141854790050049779628987624069058        
  619   115533039484655133938638792339834665306201574618        
  621   99156192978798262846940823432610879610425815625         
  623   85021235336322282074989690643970735188647109010         
  625   72832584132916698485724116715454504848107709743         
  627   62332069153559466476588635248515572914910699161         
  629   53294404504438953305536283993780822435593924400         
  631   45523182120471973883495688280535593696048211793         
  633   38847329909292552572544092699392607467248811242         
  635   33117983563300004714997177129812426241176850089         
  637   28205726315209887178698096343239357970283251645         
  639   23998155656444180286696894864217390147894303343         
  641   20397740324992532282295185100012753244215646767         
  643   17319934740124850725427908666918851951770829773         
  645   14691521552481677314859251768573556343025419529         
  647   12449156123651751618108398677800720665666432966         
  649   10538089580690593351308345359223108623384453454         
  651   8911049636932180883870260441879965194359956169          
  653   7527260657331325300772939241035184145885035423          
  655   6351586498686249334851320942353329589816458702          
  657   5353781494629908523874211485125413964065835172          
  659   4507836602554566955438384659738421653744478305          
  661   3791409203205205810644057149905978652367112188          
  663   3185326360481128886669431969197087714786019158          
  665   2673152524462119048790367765536958290404779647          
  667   2240813708884859750187687039143188586053052348          
  669   1876271108023478461304533425741966959950915702          
  671   1569237948790232858980830210137294161831917389          
  673   1310934112407503166178974231205476334508687903          
  675   1093873715761549470089963149006391584586073234          
  677   911681424177736889012594193545397457774862947           
  679   758933782673149434051178121227562050404970407           
  681   631022308805069274645207974887244010219824384           
  683   524035493410297319854820389804842872999883042           
  685   434657211557565403188003286010918559637011451           
  687   360079360075746947690397160257117351480456359           
  689   297926814714181484298877678142065307471568685           
  691   246193043503613761695262796457896505873284183           
  693   203184926951946133074549861819528186424308712           
  695   167475523673126551915326609327423474783966833           
  697   137863684902050658811957509531187394153098290           
  699   113339565766439802954412532681127950944591078           
  701   93055207553540134543956353626843995825763148            
  703   76299475651015343275626698375233525066271595            
  705   62476734249886776339724261058673585385839241            
  707   51088722955165289408398717295528614198471888            
  709   41719173650765188139538224773737677466072453            
  711   34020769634201433764427821846055873996132537            
  713   27704104346878684416727267838842651755566496            
  715   22528345015529729226751679245160134503857414            
  717   18293348106669825779157859383396008989059416            
  719   14833009488051680958009839574460516844353503            
  721   12009663302187997286933506155439812620969773            
  723   9709370414717183628738341152229495305569094             
  725   7837960456427174847760569358450939527470371             
  727   6317711416428818499487039973013260645364137             
  729   5084567889868883320063251050144731578105871             
  731   4085813808429930002749671407977904145753332             
  733   3278128110713678263190600748838022809762014             
  735   2625962626263941335611186646004042587608013             
  737   2100190698948981988315280518471542909223962             
  739   1676982978217691816702295286142538038375472             
  741   1336873547800190865339600890297809453757660             
  743   1063985303514350842185898246876680525862646             
  745   845388376128063802814644246260902707585660              
  747   670569543962729868394067312505421550763476              
  749   530994098827953201113733792603853280744828              
  751   419744609248430130382073520870986878624729              
  753   331223545509867771093559451803189219991077              
  755   260908859602749818285292915704837055043314              
  757   205153407969138035849666404825449042766817              
  759   161020616101995972627314114011034369655757              
  761   126150054409836110923343686145720167324679              
  763   98647661064669535153586492062702366827525               
  765   76996241184995390405130103109423485624295               
  767   59982619452850811995164457906314930058009               
  769   46638447947320293437224131353184031822826               
  771   36192192012418219686668322800688182487734               
  773   28030250856878426913808414933996959335777               
  775   21665530293096806189290316992533849289022               
  777   16712084404015507976195254754382997160326               
  779   12864690990070513425876426130735522437226               
  781   9882430841107826795963038944345578240090                
  783   7575510317785707699157417981466719012800                
  785   5794706399956695483427538387779993932435                
  787   4422928292702915457514203214302493802089                
  789   3368484087845616338086861161942670717405                
  791   2559718385951757251669325751238102234672                
  793   1940750136587502096945567806798932590576                
  795   1468091708924500074488305027464481480388                
  797   1107972405162519460342980462357832256759                
  799   834223974169887228511874947054216737120                 
  801   626613580946764479980629335053966624302                 
  803   469532305085365176748558246442934839748                 
  805   350965541811713928389823481046057318050                 
  807   261686456992089181292286938601657185652                 
  809   194625556648771275142084295473804290320                 
  811   144379009277945172040546399855652120360                 
  813   106826046042163216858648699724007920304                 
  815   78831920098385328005229616563749179255                  
  817   58017826188937366474446131074963509721                  
  819   42583104960489278399732296983836883066                  
  821   31168178282152895919255596398999241264                  
  823   22749140342401896839060298593051272540                  
  825   16556892644095105663444230936182309144                  
  827   12015262713134139501172261149166076125                  
  829   8693769852636978774826382165762589356                   
  831   6271663750144497283612177051519299569                   
  833   4510617066037256916684298561021943954                   
  835   3234044446493008998910587846715139317                   
  837   2311482185949207055485799008915292415                   
  839   1646822486763839598722771298792555897                   
  841   1169475772790951417681805926698413868                   
  843   827751135923114448632706777395854631                    
  845   583912439720776130393680439409193584                    
  847   410496691994026084710218174865338137                    
  849   287580546379123353649425931121240579                    
  851   200756889640899510832914666213282919                    
  853   139641654284398606841676463574520784                    
  855   96775355909858703442499886589868222                     
  857   66817578056490919232442122246450604                     
  859   45958189237130064134559720791637487                     
  861   31488394761197167097635253100952067                     
  863   21489280696399106331043406123693047                     
  865   14606439480852937944361540384748380                     
  867   9887452090974225371641706697547405                      
  869   6665110823039845909123752888516628                      
  871   4473811444401980873116152991635837                      
  873   2989913128382609448835789852606140                      
  875   1989354571508680200241001315543807                      
  877   1317648314777056791878740755609823                      
  879   868720833967779620404197618132074                       
  881   570049817444262100861521677962669                       
  883   372266817097633167916387246289018                       
  885   241913705480438814178872101224158                       
  887   156417550502339095772851770349429                       
  889   100619473808884624838495724639675                       
  891   64387453874232972541320521816803                        
  893   40981941489117570656816182791897                        
  895   25942004939106463987399991499741                        
  897   16329771382660141605005584512946                        
  899   10220358506440129740565629860110                        
  901   6359214788755370365415107481750                         
  903   3933072532605013536668104401867                         
  905   2417625610848853352925670616283                         
  907   1476760143216362494207200986957                         
  909   896246415335378830145699902198                          
  911   540345571974760950394775575575                          
  913   323571209772967268457952878584                          
  915   192418488755211146635723632635                          
  917   113611916506424960861875549346                          
  919   66591598719532989056344390777                           
  921   38738999024160080932411422301                           
  923   22362589969331157318231343253                           
  925   12807021318264360140396435981                           
  927   7274950734030088728103845559                            
  929   4097955079472276757037349577                            
  931   2288518124627867695755176947                            
  933   1266722751410864017118984518                            
  935   694758345576259834500513719                             
  937   377476983805628141828802972                             
  939   203107248523473503536915018                             
  941   108194750662204555911308783                             
  943   57041872597331885354989870                              
  945   29753778742686611912492410                              
  947   15349621427955289137847387                              
  949   7828863480595182499284252                               
  951   3946162119894180223105772                               
  953   1964927711834881590793720                               
  955   966104081180194128846120                                
  957   468820198585580425399942                                
  959   224430256643727002271117                                
  961   105931254488763656679997                                
 963   49271476415993362853486                                 
 965   22570539010302930120361                                 
 967   10176372407549240447814                                 
 969   4512952303585878943609                                  
 971   1967150832088997015314                                  
 973   842160400145022678335                                   
 975   353817852502995744549                                   
 977   145751827021892014734                                   
 979   58815319192581290384                                    
 981   23225767099322506954                                    
 983   8965578386809715777                                     
 985   3379099715632332943                                     
 987   1241879523282614191                                     
 989   444431529264364506                                      
 991   154636361299829361                                      
 993   52223940186363785                                       
 995   17087360746420405                                       
 997   5405537461318729                                        
 999   1649583299663734                                        
 1001  484372497396274                                         
 1003  136464073495963                                         
 1005  36770120287103                                          
 1007  9441106933059                                           
 1009  2300298156544                                           
 1011  529270561189                                            
 1013  114353850926                                            
 1015  23046526516                                             
 1017  4298041947                                              
 1019  734546032                                               
 1021  113657422                                               
 1023  15678870                                                
 1025  1889589                                                 
 1027  193499                                                  
 1029  16169                                                   
 1031  1034                                                    
 1033  45                                                      
 1035  1    