-105 1
-103 14
-101 104
-99 545
-97 2260
-95 7889
-93 24087
-91 66013
-89 165425
-87 384320
-85 836604
-83 1720774
-81 3366951
-79 6301715
-77 11333950
-75 19664205
-73 33018831
-71 53808313
-69 85306779
-67 131846699
-65 199019426
-63 293868698
-61 425060810
-59 603012233
-57 839953393
-55 1149906518
-53 1548556267
-51 2052994543
-49 2681325612
-47 3452124397
-45 4383749406
-43 5493521812
-41 6796793172
-39 8305935430
-37 10029297355
-35 11970180517
-33 14125894411
-31 16486953600
-29 19036479131
-27 21749861592
-25 24594733930
-23 27531288780
-21 30512958144
-19 33487453708
-17 36398145065
-15 39185731988
-13 41790147131
-11 44152608576
-9 46217728808
-7 47935579065
-5 49263606316
-3 50168304699
-1 50626553988
1 50626553988
3 50168304699
5 49263606316
7 47935579065
9 46217728808
11 44152608576
13 41790147131
15 39185731988
17 36398145065
19 33487453708
21 30512958144
23 27531288780
25 24594733930
27 21749861592
29 19036479131
31 16486953600
33 14125894411
35 11970180517
37 10029297355
39 8305935430
41 6796793172
43 5493521812
45 4383749406
47 3452124397
49 2681325612
51 2052994543
53 1548556267
55 1149906518
57 839953393
59 603012233
61 425060810
63 293868698
65 199019426
67 131846699
69 85306779
71 53808313
73 33018831
75 19664205
77 11333950
79 6301715
81 3366951
83 1720774
85 836604
87 384320
89 165425
91 66013
93 24087
95 7889
97 2260
99 545
101 104
103 14
105 1
