 -1275 1                                                               
    -1273 50                                                              
    -1271 1274                                                            
    -1269 22049                                                           
    -1267 291499                                                          
    -1265 3139085                                                         
    -1263 28673475                                                        
    -1261 228439966                                                       
    -1259 1619966516                                                      
   -1257 10384805691                                                     
   -1255 60915061181                                                     
   -1253 330167238726                                                    
   -1251 1666932807305                                                   
   -1249 7892136355680                                                   
   -1247 35239942525455                                                  
   -1245 149127876298179                                                 
   -1243 600620896491309                                                 
   -1241 2310803893154484                                                
   -1239 8520364987233259                                                
   -1237 30195132991887834                                               
   -1235 103113438158913459                                              
   -1233 340090052365104219                                              
   -1231 1085612550412082395                                             
   -1229 3360272839290662970                                             
   -1227 10102646681463467820                                            
   -1225 29548393410497258657                                            
   -1223 84195834317872652806                                            
   -1221 234031719752306630159                                           
   -1219 635346548312333823559                                           
   -1217 1686486393868198533534                                          
   -1215 4381670758064850472846                                          
   -1213 11153152970466967444826                                         
   -1211 27838371020647952358688                                         
   -1209 68192899861775812173138                                         
   -1207 164066823818162398344188                                        
   -1205 387975275595566336945517                                        
   -1203 902369912697186391521957                                        
   -1201 2065570171912425119769490                                       
   -1199 4656193525960615875806365                                       
   -1197 10341975682076603235573040                                      
   -1195 22645874663190937125678302                                      
   -1193 48910998519764754414192987                                      
   -1191 104246767449683959133755752                                     
   -1189 219357777278854404980857327                                     
   -1187 455893420889157184453687902                                     
   -1185 936201666961135240764629537                                     
   -1183 1900370932571325253195246032                                    
   -1181 3814424833854462193007591709                                    
   -1179 7573429434526952826981126384                                    
   -1177 14878970229692503859241517259                                   
   -1175 28933910491418381765761135392                                   
   -1173 55709114020146276811477829467                                   
   -1171 106231963269320170746048002405                                  
   -1169 200684314424858613560866181780                                  
   -1167 375677448139184812217037429829                                  
   -1165 697059090849490990784907814021                                  
   -1163 1282276004747069547757131936450                                 
   -1161 2339112986801473136952875905349                                 
   -1159 4232284467480047656431615103024                                 
   -1157 7597046427254357208683306208590                                 
   -1155 13531614885355395244292843693484                                
   -1153 23920737109546551817989936671815                                
   -1151 41976037188098374489888734687118                                
   -1149 73132262445123946970128658180694                                
   -1147 126524043583795250943733503209624                               
   -1145 217403520297192017106906014286919                               
   -1143 371073413800906730990968536621584                               
   -1141 629246241621799978564460045305263                               
   -1139 1060264676104440499122907584009422                              
   -1137 1775431315793765095891048855902281                              
   -1135 2954950690374184426225503256851769                              
   -1133 4888911202158698662012873278625173                              
   -1131 8041672579963125189939995365201155                              
   -1129 13152485352914969050706919348552649                             
   -1127 21391908400955724778043505907461919                             
   -1125 34603722660321219585244381040284468                             
   -1123 55677197940639006395493907073377264                             
   -1121 89117142742372035366383500737789011                             
   -1119 141912625090785009739149868973157267                            
   -1117 224854620850718074934322798194574951                            
   -1115 354525368298087676918750810821737609                            
   -1113 556288281248251319200641082996719933                            
   -1111 868761760500369474527721925506406165                            
   -1109 1350484304660356932305397016261626141                           
   -1107 2089801962231664561373760911925657429                           
   -1105 3219474771095719868052994252106600934                           
   -1103 4938166039207455078749262798103749042                           
   -1101 7541930739354689749785038427432487025                           
   -1099 11470173698391530618030925707811939632                          
   -1097 17372467175287292075769965456041005022                          
   -1095 26205326217021179996548044605720793180                          
   -1093 39371850312836634663194112943249269450                          
   -1091 58922480283823386925170131628671013913                          
   -1089 87842578829182661253852035977670742275                          
   -1087 130462927218003032940329180111622721302                         
   -1085 193043637728567756953844365551146408937                         
   -1083 284601904783502307756095223294957799924                         
   -1081 418081480721124751517751121825435310395                         
   -1079 611999498279559325637197508354515826052                         
  -1077 892757952777855062342077614639869813236                         
  -1075 1297877746553753366403310148385377748096                        
  -1073 1880509306014102367016656234769654180132                        
  -1071 2715704245357266247078526136159288775067                        
  -1069 3909109136376931186735079883635968497459                        
  -1067 5608980771089957986758141574274758539564                        
  -1065 8022743054232702014443324925933871608808                        
  -1063 11439736143349302974911380027686170495372                       
  -1061 16262384626640114214052788602113492952541                       
  -1059 23048780627187259784149199859459994466092                       
  -1057 32570701627907033024618979326380219291942                       
  -1055 45892442389582088287677695358133239023008                       
  -1053 64477640993474262326142087346378252995654                       
  -1051 90333657844947970514322289941402186508218                       
  -1049 126206201220854927849183550685388010838443                      
  -1047 175841013711443318640877546753730165470820                      
  -1045 244334837737762478859266506026248078138909                      
  -1043 338604947817488218489362341296570646116861                      
  -1041 468015764083085163861740416138236856978425                      
  -1039 645213076156143353774972494132070658647337                      
  -1037 887232015394679228764414582058928654360844                      
  -1035 1216965146353799485682699407353925202690602                     
  -1033 1665103216533940155183017354000578227484733                     
  -1031 2272694874162498233815815239321014996319692                     
  -1029 3094515151346072299603464313159421344215616                     
  -1027 4203488390921898063164494051875886196368627                     
  -1025 5696482950648436338705253101588472377858566                     
  -1023 7701886710152559262953560109672341985539799                     
  -1021 10389489496652617767163213154977408442759630                    
  -1019 13983347768212825424468723616119127402572511                    
  -1017 18778496686507825664844624641783820834945624                    
  -1015 25162615629679950299232479252694789927737642                    
  -1013 33644058417190455888253697898353300844394894                    
  -1011 44888045463209214994477139002340197229635409                    
  -1009 59763302167439941940689115054318381756883804                    
  -1007 79402041450436365770488760733904034309241936                    
  -1005 105276959871357469374366599300815003134958248                   
  -1003 139299885108672276797389171574768978748089508                   
  -1001 183947925752040890698431421018901647189691394                   
  -999  242424491537735316092633638199787443765465789                   
  -997  318864446206658931296099445897770433623061504                   
  -995  418595015572377213547428229098766243292707831                   
  -993  548467009931376468714478412159253004250551921                   
  -991  717274567049924039682538086292966334793153753                   
  -989  936286143952398556424866785466672199294594271                   
  -987  1219915083186036080056841639886933303627629815                  
  -985  1586564996558599641300090813223737147696005448                  
  -983  2059693743902449573602625464250364006190040189                  
  -981  2669150297432767682355220483409004993396034786                  
  -979  3452851711853332990049544165482968458228442652                  
  -977  4458883297080840803332152125760967985429008584                  
  -975  5748124555849589389539748749862235588854742571                  
  -973  7397527277096835890970436580122760632009119239                  
  -971  9504201301723020341855171980327339082244057715                  
  -969  12190499024194905445871405315688795156372820543                 
  -967  15610333012778761899615192958033737494519011522                 
  -965  19957013844924217206674394272475336870771603418                 
  -963  25472959306603831432225204978636995255112329227                 
  -961  32461703822265116998214703722641493108881171366                 
  -959  41302731146891517593316591382412698516619838703                 
  -957  52469767283471176096670601932033772114459290190                 
  -955  66553308245332113771649449093103039246828608160                 
  -953  84288323374140132584313483298826018078898269997                 
  -951  106588275051050426601960787701770634126513584648                
  -949  134586836449169511036463838631431868561171410047                
  -947  169688978353087000391936174828605090198502557704                
  -945  213633443350103723426705858216035942199312705725                
  -943  268569041916575070413674754011858293321162022709                
  -941  337147703119030779631778408134520194179937770777                
  -939  422637808202289919471703719545416149214097426749                
  -937  529062046363606874508489591032424581358734258389                
  -935  661364879831328600162317683284950778881579645436                
  -933  825615715031875280772721123218357479310324940657                
  -931  1029255077546658685903282627587994730927205446737               
  -929  1281392515205452012556966406516075495433721166831               
  -927  1593166646402410504591899886544967895191351506148               
  -925  1978179776767369503909982138185353151451860257753               
  -923  2453021881829842901126642159286739114335013759273               
  -921  3037901560627598116257769820803104099798681011392               
  -919  3757404880334367034509633913121908085559732379628               
  -917  4641406942219312831778771845976631761483727522719               
  -915  5726165606124342068958075063831167595371556126592               
  -913  7055632232067554760275003540861843987671687339312               
  -911  8683020670352405911092243787175943410779821118388               
  -909  10672683214218747885965563862574925901309580675599              
  -907  13102351005136955705281941455684929238440658387683              
  -905  16065806662535582908515456175407342211515670949733              
  -903  19676068942194422993533385784501054956092517638698              
  -901  24069183293567927952483148366202379632936342748220              
  -899  29408728611932451498356514150139774533668523783645              
  -897  35891169641831525742137014551745448051051720272811              
  -895  43752206815552440244241982787674863152132434396154              
  -893  53274301300346361936934126779868081015540100568955              
  -891  64795583250149995232968925465464490590257500031382              
  -889  78720386364491289893647949155432030616782007554817              
  -887  95531692596812041207754489938913367854057454427917              
  -885  115805818082234450080392912492973753651189115109457             
  -883  140229726048899755160407677623532047784901324986093             
  -881  169621415754325234833460721536207121398294525343162             
  -879  204953909622960583477072725296745927694088180498220             
  -877  247383445205477598761305779450368056845297069089388             
  -875  298282575987743417211326326255813592472053994712532             
  -873  359278997328646967141744124491696935906570673980489             
  -871  432301043038176990211674674693501257054267746361936             
  -869  519630946746693853813959748931421141921655807447389             
  -867  623967133015071889297257395270157137223288971547886             
  -865  748496999211475653599498036699979369922152851153379             
  -863  896981874063832985692416902477505587233272951730313             
  -861  1073856096479741465761623250670201544301704575151744            
  -859  1284342453218382918451783789197963331059312092244293            
  -857  1534586551394082327565029852790323597029519380487321            
  -855  1831813087331355296179114081871774144293652887818134            
  -853  2184507413447670514102903178956736667579758635771753            
  -851  2602626306897496157626111542853853810831669305140097            
  -849  3097842415862926586638686981128339106385901059499283            
  -847  3683827510829369769087424286061322453600615707369768            
  -845  4376580409276237048327023746849182967465702439620408            
  -843  5194806284537130557586062434528177309027389282528147            
  -841  6160355026136005211510962594597245500162645286381869            
  -839  7298727404235077868868283854114809353452933003449214            
  -837  8639659021214162077910630276645702356146903926387818            
  -835  10217793427033443198517894590091958037518060419615896           
  -833  12073457352230724868597702737830420145143984685271108           
  -831  14253552795840897268893082542481108767175786592991650           
  -829  16812582720474157391649859087988752751195717516842896           
  -827  19813829381402715987159903813137004283444542590220126           
  -825  23330706882114552702988112543083897691426907433732017           
  -823  27448312440236417301669910408686165412075833179118384           
  -821  32265204103713712516411748889397970826503524362318539           
  -819  37895436320629887837598650889973492448360923669766514           
  -817  44470888884709790361015336939306818809651401371426432           
  -815  52143929405194196202682542467979910301543842825569575           
  -813  61090454642876453501560563455271601817694673580418134           
  -811  71513361878356351611852332553274509879612373274983854           
  -809  83646508005512008389179566981066865173619542089289450           
  -807  97759221351813840047149586890115659539672384551474091           
  -805  114161439404585828110942009786216148749123251939558424          
  -803  133209554764791345595050467180074328790307221191978018          
  -801  155313061863301714005999253276371352111590631332165005          
  -799  180942108375498604356662783851950115464567260897347546          
  -797  210636067986727689356939061545597941893447984188312512          
  -795  245013265334530548426901959922246073595780006234202436          
  -793  284781999738546386835874693226307233759923556413699078          
  -791  330753031895369040388099184182311525152118006201902450          
  -789  383853717249719554276609273334086027357933009598730499          
  -787  445143991459092731332118600704358617434339294253853680          
  -785  515834437469909486629746181844746844299505287011524713          
  -783  597306690463447550591870533892311782164832747452993679          
  -781  691136466576410853270986715652688667630677502392507928          
  -779  799119534145472931549501109665176762027913038649737143          
  -777  923300982585596005935016367407554070518883530065345656          
  -775  1066008184235194835413354209030710149408202979806514635         
  -773  1229887888965085925649511911454686655446983393219350662         
  -771  1417947940463873849120147496780401740156894138489362711         
  -769  1633604157327245896131936019985744960118554410360838542         
  -767  1880732981878643063236927916295336362543851131286550906         
  -765  2163730565561761959162080042539237431477031696975058377         
  -763  2487579032344000308998384523539684200039994177963375534         
  -761  2857920741475155907878343587608875742740676913432723204         
  -759  3281141458829993298787354501764009830836452781063334924         
  -757  3764463442654693716785683777837341046486759990273435698         
  -755  4316049555623047154908838780951866433677475970072995246         
  -753  4945119631539386559129549862074129549770309350496774859         
  -751  5662080452720452437267494229959343196976947667619861639         
  -749  6478670834038872030631881607365455192481171596882443983         
  -747  7408123462885371277806744173699740556958545895673236493         
  -745  8465345312056317328895832248539751002303690519762780063         
  -743  9667118626036657692731011890608589254020508847934844684         
  -741  11032324681658176362350080178730255551630625910592644306        
  -739  12582192743100958690252023068294275900776135722865996774        
  -737  14340576870209257268790288993589991836184962373803425337        
  -735  16334263499760688929173522992665516348649697148557031501        
  -733  18593313003427559783094234282604289513593789980925065727        
  -731  21151438735594344630500242889908087205705177455697178120        
  -729  24046427420971945199666885356037278493546493628799469293        
  -727  27320605098243597782867495592767639776697868649726096296        
  -725  31021353234103514772586441747934864848551722733585009392        
  -723  35201680054477917114902843042435175283466458160109536320        
  -721  39920852609083793797017996805116088328638531149836737638        
  -719  45245095594591150177869548949533389761652989271171282847        
  -717  51248363513498984117299291763565408153694003869727230673        
  -715  58013193343593726056911322886787079231070219326282626600        
  -713  65631645539911239173898822251824307248215014054962128117        
  -711  74206341891058820271531294623828833244976450650650328255        
  -709  83851609508379952039317484419283866291893828989115174337        
  -707  94694741043798405212577299680637809377087041861203968607        
  -705  106877382114534699028158384230534571003018777676480609172       
  -703  120557057864770334500328663287544182634031310904740098167       
  -701  135908851620525487672409192027758803691758146458337987247       
  -699  153127249699564352734761636107203011230399349483546460374       
  -697  172428167628377964805653520660711258121767557460771149107       
  -695  194051174298834559773913301095155252593928776612470337231       
  -693  218261931973848240896054004398048621661373059359094963025       
  -691  245354871530622017273409687676944343537274198543440385505       
  -689  275656123918213009359932133372861927505908362749658403991       
  -687  309526730510214673932497255302227563177673001493917071688       
  -685  347366156860458179646321058536449777892299899020501409511       
  -683  389616136327352023010974353276698255317915054399554664802       
  -681  436764872128707727772591681760111057113187222669318128589       
  -679  489351628631902328840949555819627348883833517134992553773       
  -677  547971745082634716600558758216993911381492217612744971892       
  -675  613282107538345500754182512280211332918756025115313505862       
  -673  686007117508970176507871181721614911855750338176675917540       
  -671  766945198727847449682076509363171630089463420395893830116       
  -669  856975886589459500676629515152664830771859599130756179981       
  -667  957067548108778403021421394560635665157231543861956129909       
  -665  1068285783790262306046045652665649382190067141328646222145      
  -663  1191802566554305213873794546072912261368820123276950368991      
  -661  1328906176866901679663352907139923159539760081349511916560      
  -659  1481011997466532987134436740180087520497063543002540929047      
  -657  1649674235593283709859172284930712023564127177348397368658      
  -655  1836598645411797831877479757471026589054903982066689386856      
  -653  2043656328395085151906709878499982385630361184180399930782      
  -651  2272898694813945648272235857249136584421853936919264867345      
  -649  2526573675170783091796267055453283285181832915914188808580      
  -647  2807143276441041408515462229132360446171354653187365398912      
  -645  3117302584354931724581276942272997691611644084407437124952      
  -643  3460000319681318042699684715400360183142320347337555426868      
  -641  3838461063579643308371407344994862860935395776047328794477      
  -639  4256209274579880149472254951281560190484925254417776434707      
  -637  4717095227650151981047425855949310932376316260512614922371      
  -635  5225323014132520858559084453287978713220025512643095478172      
  -633  5785480750085230358964303734420040395684915606215075692684      
  -631  6402573149780255729683317797928802777561405141752440838109      
  -629  7082056630784212744836845644242748853624296232798312448371      
  -627  7829877127214355805746572683424765287279149434736950247590      
  -625  8652510798425325768674178229285316833280497175852370071157      
  -623  9557007831562126299346003381446033947358984362648391949229      
  -621  10551039548125953943100472120388563231161127323880290318432     
  -619  11642949036957154233297672508455848894391096519320035582309     
  -617  12841805548858555516307538884197867771517592781269104359092     
  -615  14157462901477154787414117404755441501975364150060849579911     
  -613  15600622157046501867266713450207692733888218687657685667141     
  -611  17182898850179461241853512446213268570596731829339482858785     
  -609  18916895058103946628122122688050491580933703181700039475075     
  -607  20816276621564553252524584402984959296060412207309437574571     
  -605  22895855841081691912457652072641658297863500290861829899967     
  -603  25171679990376783947031158912029687603745663285826693826765     
  -601  27661126006546108661210376027726499298963270230193180132529     
  -599  30383001735004557624080300640903186654031453938578933891027     
  -597  33357654126330019981289399225529815751798932499445638770766     
  -595  36607084801924065210592729319272907244482134104387546620038     
  -593  40155073425868020292257878333775399813574136900669997964305     
  -591  44027309341496677976371440105116044551062447082833999010664     
  -589  48251531953033997909117592779982143463059623384940789762527     
  -587  52857680355133449331360431988161411536904092245051241998170     
  -585  57878052736335009841596602521758051669099131988407331177320     
  -583  63347476106283772263133342445000546100409393713247699962019     
  -581  69303486921041521070201194331473629497882148078955605904729     
  -579  75786523205949655479060675608494674769846958355086848003947     
  -577  82840128801253650240223126553103559006415090301225714861314     
  -575  90511170382056927162513685626519108136553966730916040576287     
  -573  98850067931113325153643521435410020357440421064271334821009     
  -571  107911039370466578406984074167734573588837443556627491952696    
  -569  117752360085972938072315311700649317218794471966005439177454    
  -567  128436638107266032967970406713205392625164884724163427475849    
  -565  140031105734703934821643592515905616970237287703762166809033    
  -563  152607928434235603477781537772499863195872256785341965348953    
  -561  166244531850891434052471960985588900148416811175166287705344    
  -559  181023947821689886467193653192679995127289788454798506077101    
  -557  197035180299103716820783081853037896099791153787219539788567    
  -555  214373592126784729272885944075279267147299989856697324562215    
  -553  233141313639939638505316771062960745440599528049792067968948    
  -551  253447674093510647027416963093036094402906079484449084687734    
  -549  275409656952066259896432301048499289592271899885727036159007    
  -547  299152380105968572662721019716601860014623100600496142508102    
  -545  324809602108864843637247854739239008502007214517941167951188    
  -543  352524255561759698092403183664021046944774872189904106337137    
  -541  382449008798759806943541093207287566562481988484105359975470    
  -539  414746857058939108376644169307763822219244380669288406759518    
  -537  449591744357537035675327852399433746384579862421885532773853    
  -535  487169217297755785242545382852931991893071309031339688655276    
  -533  527677112091639900864015835629812322542499867379989213071627    
  -531  571326276084770282864225390433490626371575506938719739386981    
  -529  618341325104646450612127994475449365352874867086297817581478    
  -527  668961437976520140705332091328035698053076879144610447761431    
  -525  723441189572928101662338290515481895343346537334789285090117    
  -523  782051423784093598928278705365001328956923372903127557192277    
  -521  845080167815559419670744775917917585827534784211396532545068    
  -519  912833589236708275823958867886883614110159552314978945288858    
  -517  985636997219041209506704744006582143939320914605118912723821    
  -515  1063835889416036341538997194897131373925535823227012882767883   
  -513  1147797045946908323680845882950746046405845987693346281883269   
  -511  1237909671954436406646447164691978061950117390993237931103014   
  -509  1334586590212023572587824135257118893998104670416410621178931   
  -507  1438265485257082604427533029399579104743464727149510208146556   
  -505  1549410200526503902227943404010915794887920284372490463825312   
  -503  1668512089965125973699774151167427160856841967411992447529489   
  -501  1796091425569579874244016614623898735275395168584063028280308   
  -499  1932698862317386278296121169338398876658853662880048975543857   
  -497  2078916961914517355263368894875258167678668243475205765257749   
  -495  2235361776773560893020598496158233886461951350107632900103039   
  -493  2402684495608904024754531254194859784893760889369093406216099   
  -491  2581573152004749055135704793819116174954834625066445497203723   
  -489  2772754397276043141749441974097825612069919624093938710483126   
  -487  2976995338901304799206722191073041703188745740855358197223786   
  -485  3195105445759620801257653845886053343578781254498253235441747   
  -483  3427938521351524834979673175744715735224355170768774656236189   
  -481  3676394746124813073928217395426759379481293440072718975291983   
  -479  3941422789961362437887540769413439995005022850877561141212540   
  -477  4224021995809458184278339210324453225440656194299249593199929   
  -475  4525244635367775740068315643647962229937847684865457239686738   
  -473  4846198237641768991189058057968383887696095583625623814271471   
  -471  5188047991100570772993045682210871444951741611961383065613335   
  -469  5552019220062394747249917456776947841377856442355638543284740   
  -467  5939399935828632473828496262533763215609723203704282800426889   
  -465  6351543462971165203714377086507621593308609899769900750608981   
  -463  6789871141053666416136440777588533163996357577563256001147296   
  -461  7255875101935678994344419391057379966112706506079703149468636   
  -459  7751121122667842876809736581327079228538801370635237514760769   
  -457  8277251553837671033929525686145781836592210219769303723836484   
  -455  8835988323067584245982756384641563463201098680008516012698236   
  -453  9429136013200394735933711854099767383253882175902859947970972   
  -451  10058585014531968656807714226209524946942457016688399344325366  
  -449  10726314750266309534476947644495766499556720292725152055001357  
  -447  11434396974174720487342965766288985590882914686243159225925439  
  -445  12184999139237974843372471603471306822449902294588401623361155  
  -443  12980387835838527426681931115268821175213127809379002728475776  
  -441  13822932297848730702653001947085962928209021091683422624498153  
  -439  14715107974730804520870227480877768920803573161370681430697588  
  -437  15659500167524995013474231899119658907538344851475524505597717  
  -435  16658807726354024489520535357407191198790829201207059907965335  
  -433  17715846806814685950047722201663074673740208664844222786932657  
  -431  18833554682361409263261122155900570032372452837936790758016042  
  -429  20014993609511988530640011589143432061315618416223756669450009  
  -427  21263354742422611693703140473072542429828670020082508795707524  
  -425  22581962093088107579791336676803622839913289010647541437291551  
  -423  23974276533124190716170038868506196732279021552938970647309936  
  -421  25443899832781744503452567262711800470110395995165476619587892  
  -419  26994578732529179661323988167506365864536208091852488242879249  
  -417  28630209042218015871202041223236213878927475053186062526939019  
  -415  30354839762519477416833059902771396778097629648614539322204442  
  -413  32172677222986524851730048431981816659636516079207475752155614  
  -411  34088089230756860780488462308140129876600553721166480876236208  
  -409  36105609223568585787099378152963570705366986381942665265347869  
  -407  38229940420411918502094539786463022290142490872724646006534156  
  -405  40465959962788351345280901657169914737129145879116383372283171  
  -403  42818723039193451904015093027297310984165119441996551409739285  
  -401  45293466985081942369796436490560482246547123389190290323331290  
  -399  47895615350214441014902436585680453338011036647303351610074954  
  -397  50630781924925117192161424682847786568476587355861307568630913  
  -395  53504774716489323178595506345093301639570250129396832326116227  
  -393  56523599866410891913969002558310002172439689902519514603227160  
  -391  59693465499091139494093961015720404120058740750106005274183736  
  -389  63020785491986635295015506713335404760009285381112993840293702  
  -387  66512183157011490055493660195859723222341916527663910832188002  
  -385  70174494822593290450669144172556305616637878858809855485675055  
  -383  74014773305450941886471027512052967396577312200025307632942580  
  -381  78040291260828669243004211009362749177575445385205931540138066  
  -379  82258544399594401962765065472576414777626736369796204493395769  
  -377  86677254560293901445071362954191936013870213699434068843133062  
  -375  91304372623945471889999036576560124760530417152740676021159814  
  -373  96148081259065155688340372017621299552722429321181258832581695  
  -371  101216797484130202535715520628638016740302099743935317358873838 
  -369  106519175034420592801853039012926112855722006050557154757602683 
  -367  112064106519925786640658350191522338166797988263403228249465198 
  -365  117860725360767975621718541722122327471437026793496873380320862 
  -363  123918407486375263487296170266625391459644128012618071713880494 
  -361  130246772784439739491270419757897406959056065781112141811159300 
  -359  136855686285517683159941047108231818248868954092876002328894271 
  -357  143755259068973510250247339341089100641082659092262991786139228 
  -355  150955848875836895059904380567964934097138729860637838204993147 
  -353  158468060414035141016696832024887587694179429569524356088241801 
  -351  166302745341381670684179662537887276290583848605966571438497579 
  -349  174471001911647808989528537070000251081731018579055847999111431 
  -347  182984174269020166348497247893212711381770094842277725444360596 
  -345  191853851376251199505837972707340377599783194595359113692703774 
  -343  201091865561847222218051577725752996738625994763098639687951174 
  -341  210710290671707512459581465951182674011107212161304014328547252 
  -339  220721439810731442172809464098532578693721701001255122236132685 
  -337  231137862660048926881565619859842896537566311461054175336459637 
  -335  241972342355704100656046034124933674873459387491879861139004904 
  -333  253237891914834064627769048627418011392621498781462899727136033 
  -331  264947750195634879924050452585223181150705646942761718224436864 
  -329  277115377377696666624630443359546222116113784393877393562819413 
  -327  289754449949619654843322110615104881993854080560713768637301933 
  -325  302878855191194170523269094898094492547590581150649271755447277 
  -323  316502685137840612658169177578155132601594793357258635050541979 
  -321  330640230015461198447573405919361260246693442053034456263155190 
  -319  345305971134354243768838483159750968932275266907973116897837142 
  -317  360514573231384546134830162362605865512221944969536438240780237 
  -315  376280876250190491399730936209703134932317223389042577408112509 
  -313  392619886549840162065965604296838964623065992010201150364261672 
  -311  409546767533025230473810695122481832196514497575769453986802900 
  -309  427076829685602914404605594614694942358735299465407757446005687 
  -307  445225520020062784975122203853552084787979865488943125011501760 
  -305  464008410916306661544299953099343017614049401250575832680485212 
  -303  483441188353986001245342868753241684363091257222347870054474526 
  -301  503539639531541764645344244753816276954972238935726625013530470 
  -299  524319639868036260753701878445196322800090030440671913480836669 
  -297  545797139384854361608983024146968178235195743231191974435532579 
  -295  567988148465382014079198741624961258513445766704642022174633929 
  -293  590908722991842314387105608690854274092379439834011155812357628 
  -291  614574948859582561896191803737613023146610580072720951706024426 
  -289  639002925870258546111293784327981753081934902097621879014973747 
  -287  664208751006553576799775082164127114042203459169535414314179509 
  -285  690208501092298031348350857583007036153859334714990379868947806 
  -283  717018214843118912322171966231752527902398497635442576089146632 
  -281  744653874314046384213372543961044571214316083550146935054145379 
  -279  773131385751833650120697850272414358610913493264768595721251467 
  -277  802466559861105851520290930269991589695029255456053065490622497 
  -275  832675091494840799436924935522279782172098040565234238432260705 
  -273  863772538781097003634438412986462495968286461492955662757247644 
  -271  895774301699340248398397985872163754180684073081138779816807616 
  -269  928695600121176321789911986852909962010612998738006176505631649 
  -267  962551451331771757486423292925024038269000865108874673401874945 
  -265  997356647049733780084771306839245000277278641705425311098343295 
  -263  1033125729964722113261558618007807449609547304958829753648031717
  -261  1069872969813575848481545155874148787755216423543013785188971252
  -259  1107612339017254993441310570181024930368328414524934911120475837
  -257  1146357487902415323097858605817189333929620602072333162590900172
  -255  1186121719532953332094496850464211612620862098834453060195521759
  -253  1226917964178371923086491227785579798146352611736638955059716914
  -251  1268758753447323352220210721747863411429842205258805332664885123
  -249  1311656194116180193167415180579655376935234261572683475437672851
  -247  1355621941683963895568384314150113235586131760447356402169160165
  -245  1400667173686420050005434316873479930088175831617207248518722799
  -243  1446802562803465812311012043301571016439017145173574797491544558
  -241  1494038249795644111717163434880497085003562131906093392859191108
  -239  1542383816306597250025457068257881876875706177086206107813588475
  -237  1591848257569915235652240946008939390259762118215378430557753474
  -235  1642439955060017603322003489582391988764155907306993188630149845
  -233  1694166649127987447264600136695374411855620086736365616188909068
  -231  1747035411664488837442518862507377907104513444640490721522678402
  -229  1801052618833059594638375063856024394555491089442620832585388197
  -227  1856223923918176488247342348799579650196945667990295712623029944
  -225  1912554230333535236112008916217411288656776582155968199728555859
  -223  1970047664836969215049709634467991841759436103753550940893986636
  -221  2028707550999344572843393410140963310611563889996846520162119769
  -219  2088536382975611571262731860091456028484547900175363260285597963
  -217  2149535799626958666248457721581103167876437011912308000241570206
  -215  2211706559043703316493605242026995948267612821143090699461983936
  -213  2275048513519158178208090783959114694296441124534074589638922102
  -211  2339560585025229679425314361891255970517015727191418513876052814
  -209  2405240741240934586484226453407557970697531674576139462026899915
  -207  2472085972185355832492004294533262712091846037851364043772087814
  -205  2540092267506798478631331834481374246362906536580128878601082141
  -203  2609254594480047294039763900880747286394367674626596472495127439
  -201  2679566876763666314437941858740646115148854590680694841706384993
  -199  2751021973969215307062269989125362379689511795515353134934385280
  -197  2823611662094085962091239241864099831793830928818944549128511976
  -195  2897326614869379691045658791638199871007471037091097047343521339
  -193  2972156386073857203802982054616894509887344053826979585832252459
  -191  3048089392864485852238352179421139568621397219168217513891759135
  -189  3125112900173492605440595382247031557872266423167844702136718734
  -187  3203213006221097244692376700157902744545389557972034281293078286
  -185  3282374629192250980938013422538631874775642199440219241046418948
  -183  3362581495124739515807917931747035899149334740226228578420942735
  -181  3443816127054926177149374059686860928907827456503241128299581491
  -179  3526059835466210031390563059817054528607331418325011762971659518
  -177  3609292710083955966487051669550559905378990853175225449066586164
  -175  3693493613059219103438699488486276749314814029395569797711279038
  -173  3778640173582035283302470542140339346898961180052079013686117956
  -171  3864708783963383845366840557377335091771951951979842503995140038
  -169  3951674597223149822326372230324861681120060772131166017009765777
  -167  4039511526219521700528890477299801301969666150567598553593237261
  -165  4128192244353260008905050179005569951559611173369347462308094743
  -163  4217688187878163501625740626462754892385447662418173932705849281
  -161  4307969559846846190654963426634123647943492177004008906270031419
  -159  4399005335718622879084249991067396104394591882676334800789438022
  -157  4490763270653886366481702024654244693401104267493664346218377012
  -155  4583209908516849670683073301598963125631792555763479328951204892
  -153  4676310592605925265017558341759027957111803344676520485721891867
  -151  4770029478128324590894107895973857757490745119782106220090879442
  -149  4864329546432689388662518072952487358001502734307398333292412933
  -147  4959172621010716394351938181402900768519261540997545149516667051
  -145  5054519385275813652201560889700101294262035968188196311704533112
  -143  5150329402123835336421382279839609393767616090418582287920761832
  -141  5246561135277888062064411167689390919294644123614403140226685097
  -139  5343171972416090943634175021525271120411214319636206820473673015
  -137  5440118250078010116794324226680205729390901068914296990880414021
  -135  5537355280342282283096267556463742007700838774605988352306777091
  -133  5634837379264697490839235703464338333239489409903540639493073072
  -131  5732517897062735445018483124871380688285460942722153296676900276
  -129  5830349250029248946268646372869686465583925661468758903498208965
  -127  5928282954154669560278863798953162031786743496181022604106823847
  -125  6026269660433781433742200294594568452098947783050759353243813461
  -123  6124259191829776552961701041633726492446827648062652959365333939
  -121  6222200581864976055819210711150604478994165982943950069812393246
  -119  6320042114804284924506184236973718371994073392675695517387316578
  -117  6417731367394149052737821503528766917083269779228539922336820014
  -115  6515215252116511905484231521371465035374602797567741057943677492
  -113  6612440061914030421225145275102135413688026526830616826017035873
  -111  6709351516339614117429841028957254618154932649505341825100507341
  -109  6805894809080205221590198289036198577854603985720955858643036184
  -107  6902014656801628715534182899902867852657003173557596424884225298
  -105  6997655349258317062672880100229267049902116991744687208508381506
  -103  7092760800608762638082582456569534561869670742381103343983877790
  -101  7187274601874678969781715977298801495797760188166443288980839308
  -99   7281140074479067193238253495317773161355830653401709443330784079
  -97   7374300324795693863239985326273251313047646868089414310020900829
  -95   7466698299639897556363155270769453679643097811786761261879455175
  -93   7558276842628161466716682280110805541226576541889989532513178580
  -91   7648978751331524195106240969798786242345048817895153044427194742
  -89   7738746835145657699214040860378732186755153465652811343553088926
  -87   7827523973798326226351135407161058644171106791797589146574727942
  -85   7915253176412959062634216843293715826685276626522158005024727995
  -83   8001877641045228911431819904689047670821897795368724387122791301
  -81   8087340814607832186326098091013073123762525133619330169199546378
  -79   8171586453097122697141379671033743665692762471252278697965423984
  -77   8254558682033861033209847803947030444691808616957253521245421237
  -75   8336202057029112985182844262590002799923313742696021136423276076
  -73   8416461624385265827040089268921907691916982061871129838939540725
  -71   8495282981641235073215929021371611705159675457423657071371179152
  -69   8572612337970209926163257113434700045892219539411463480946883850
  -67   8648396574337736143345864498727814962050805649989199458183145519
  -65   8722583303327563186083983473104436865802671153955367567668352912
  -63   8795120928542490562227376108687208979943620765815328184076391582
  -61   8865958703487438117094932503330559812754127724536926522263380177
  -59   8935046789842138111472323529199091597798567720816422795742155195
  -57   9002336315031204265740376291083581979019609828706132177411349126
  -55   9067779428999875118617977160200459547504021048085463036835751502
  -53   9131329360104456175225993381700178040988171255504180714733336004
  -51   9192940470027397080942646698180668851992850091899622668457580701
  -49   9252568307628035682439892049983125223320937517618511340433793396
  -47   9310169661641319100981718741985415472064893886641003476234829779
  -45   9365702612138271169561739737864543621497828804822096211370454997
  -43   9419126580663613648920489967601176377511114314402609304359598682
  -41   9470402378967762965218260764455312504553909655973053829112389525
  -39   9519492256252411788913231453815683646596585656470638220696974399
  -37   9566359944851062148044359395309100096627263047471779007186297739
  -35   9610970704268200057446741570661331324025898725607963192658091655
  -33   9653291363503286544365781231077807839678795068727759249523566466
  -31   9693290361588381743959704286934741853792392336309459487034189681
  -29   9730937786271012306944333554576236171238687728022491824723235413
  -27   9766205410776832197817465926463947793228685080876717818129048716
  -25   9799066728589707180408549359641447943146520946297031764408731978
  -23   9829496986190067639804962960325713354861292636765806558486131940
  -21   9857473213695716280279109457969914310950228790299333495263502585
  -19   9882974253352739740629189765597079636103324219528787178172990980
  -17   9905980785827749040261274137999142592285474120431360712284821503
  -15   9926475354256355474489358090083105776531957842717336507639926489
  -13   9944442386006568302354791129249416165805852539670191335438841114
  -11   9959868212119670244518798728021192064871889038081301893055404237
  -9    9972741084395078126285171017971622167718553882780715846806614689
  -7    9983051190089720440940809686911287338337305299375402675944414264
  -5    9990790664206552458426362365758423093699537797467213597425855782
  -3    9995953599350973881351328809075022453195929033793421219085370508
  -1    9998536053138104925695189921952774950339069576986649760326333504
  1     9998536053138104925695189921952774950339069576986649760326333504
  3     9995953599350973881351328809075022453195929033793421219085370508
  5     9990790664206552458426362365758423093699537797467213597425855782
  7     9983051190089720440940809686911287338337305299375402675944414264
  9     9972741084395078126285171017971622167718553882780715846806614689
  11    9959868212119670244518798728021192064871889038081301893055404237
  13    9944442386006568302354791129249416165805852539670191335438841114
  15    9926475354256355474489358090083105776531957842717336507639926489
  17    9905980785827749040261274137999142592285474120431360712284821503
  19    9882974253352739740629189765597079636103324219528787178172990980
  21    9857473213695716280279109457969914310950228790299333495263502585
  23    9829496986190067639804962960325713354861292636765806558486131940
  25    9799066728589707180408549359641447943146520946297031764408731978
  27    9766205410776832197817465926463947793228685080876717818129048716
  29    9730937786271012306944333554576236171238687728022491824723235413
  31    9693290361588381743959704286934741853792392336309459487034189681
  33    9653291363503286544365781231077807839678795068727759249523566466
  35    9610970704268200057446741570661331324025898725607963192658091655
  37    9566359944851062148044359395309100096627263047471779007186297739
  39    9519492256252411788913231453815683646596585656470638220696974399
  41    9470402378967762965218260764455312504553909655973053829112389525
  43    9419126580663613648920489967601176377511114314402609304359598682
  45    9365702612138271169561739737864543621497828804822096211370454997
  47    9310169661641319100981718741985415472064893886641003476234829779
  49    9252568307628035682439892049983125223320937517618511340433793396
  51    9192940470027397080942646698180668851992850091899622668457580701
  53    9131329360104456175225993381700178040988171255504180714733336004
  55    9067779428999875118617977160200459547504021048085463036835751502
  57    9002336315031204265740376291083581979019609828706132177411349126
  59    8935046789842138111472323529199091597798567720816422795742155195
  61    8865958703487438117094932503330559812754127724536926522263380177
  63    8795120928542490562227376108687208979943620765815328184076391582
  65    8722583303327563186083983473104436865802671153955367567668352912
  67    8648396574337736143345864498727814962050805649989199458183145519
  69    8572612337970209926163257113434700045892219539411463480946883850
  71    8495282981641235073215929021371611705159675457423657071371179152
  73    8416461624385265827040089268921907691916982061871129838939540725
  75    8336202057029112985182844262590002799923313742696021136423276076
  77    8254558682033861033209847803947030444691808616957253521245421237
  79    8171586453097122697141379671033743665692762471252278697965423984
  81    8087340814607832186326098091013073123762525133619330169199546378
  83    8001877641045228911431819904689047670821897795368724387122791301
  85    7915253176412959062634216843293715826685276626522158005024727995
  87    7827523973798326226351135407161058644171106791797589146574727942
  89    7738746835145657699214040860378732186755153465652811343553088926
  91    7648978751331524195106240969798786242345048817895153044427194742
  93    7558276842628161466716682280110805541226576541889989532513178580
  95    7466698299639897556363155270769453679643097811786761261879455175
  97    7374300324795693863239985326273251313047646868089414310020900829
  99    7281140074479067193238253495317773161355830653401709443330784079
  101   7187274601874678969781715977298801495797760188166443288980839308
  103   7092760800608762638082582456569534561869670742381103343983877790
  105   6997655349258317062672880100229267049902116991744687208508381506
  107   6902014656801628715534182899902867852657003173557596424884225298
  109   6805894809080205221590198289036198577854603985720955858643036184
  111   6709351516339614117429841028957254618154932649505341825100507341
  113   6612440061914030421225145275102135413688026526830616826017035873
  115   6515215252116511905484231521371465035374602797567741057943677492
  117   6417731367394149052737821503528766917083269779228539922336820014
  119   6320042114804284924506184236973718371994073392675695517387316578
  121   6222200581864976055819210711150604478994165982943950069812393246
  123   6124259191829776552961701041633726492446827648062652959365333939
  125   6026269660433781433742200294594568452098947783050759353243813461
  127   5928282954154669560278863798953162031786743496181022604106823847
  129   5830349250029248946268646372869686465583925661468758903498208965
  131   5732517897062735445018483124871380688285460942722153296676900276
  133   5634837379264697490839235703464338333239489409903540639493073072
  135   5537355280342282283096267556463742007700838774605988352306777091
  137   5440118250078010116794324226680205729390901068914296990880414021
  139   5343171972416090943634175021525271120411214319636206820473673015
  141   5246561135277888062064411167689390919294644123614403140226685097
  143   5150329402123835336421382279839609393767616090418582287920761832
  145   5054519385275813652201560889700101294262035968188196311704533112
  147   4959172621010716394351938181402900768519261540997545149516667051
  149   4864329546432689388662518072952487358001502734307398333292412933
  151   4770029478128324590894107895973857757490745119782106220090879442
  153   4676310592605925265017558341759027957111803344676520485721891867
  155   4583209908516849670683073301598963125631792555763479328951204892
  157   4490763270653886366481702024654244693401104267493664346218377012
  159   4399005335718622879084249991067396104394591882676334800789438022
  161   4307969559846846190654963426634123647943492177004008906270031419
  163   4217688187878163501625740626462754892385447662418173932705849281
  165   4128192244353260008905050179005569951559611173369347462308094743
  167   4039511526219521700528890477299801301969666150567598553593237261
  169   3951674597223149822326372230324861681120060772131166017009765777
  171   3864708783963383845366840557377335091771951951979842503995140038
  173   3778640173582035283302470542140339346898961180052079013686117956
  175   3693493613059219103438699488486276749314814029395569797711279038
  177   3609292710083955966487051669550559905378990853175225449066586164
  179   3526059835466210031390563059817054528607331418325011762971659518
  181   3443816127054926177149374059686860928907827456503241128299581491
  183   3362581495124739515807917931747035899149334740226228578420942735
  185   3282374629192250980938013422538631874775642199440219241046418948
  187   3203213006221097244692376700157902744545389557972034281293078286
  189   3125112900173492605440595382247031557872266423167844702136718734
  191   3048089392864485852238352179421139568621397219168217513891759135
  193   2972156386073857203802982054616894509887344053826979585832252459
  195   2897326614869379691045658791638199871007471037091097047343521339
  197   2823611662094085962091239241864099831793830928818944549128511976
  199   2751021973969215307062269989125362379689511795515353134934385280
  201   2679566876763666314437941858740646115148854590680694841706384993
  203   2609254594480047294039763900880747286394367674626596472495127439
  205   2540092267506798478631331834481374246362906536580128878601082141
  207   2472085972185355832492004294533262712091846037851364043772087814
  209   2405240741240934586484226453407557970697531674576139462026899915
  211   2339560585025229679425314361891255970517015727191418513876052814
  213   2275048513519158178208090783959114694296441124534074589638922102
  215   2211706559043703316493605242026995948267612821143090699461983936
  217   2149535799626958666248457721581103167876437011912308000241570206
  219   2088536382975611571262731860091456028484547900175363260285597963
  221   2028707550999344572843393410140963310611563889996846520162119769
  223   1970047664836969215049709634467991841759436103753550940893986636
  225   1912554230333535236112008916217411288656776582155968199728555859
  227   1856223923918176488247342348799579650196945667990295712623029944
  229   1801052618833059594638375063856024394555491089442620832585388197
  231   1747035411664488837442518862507377907104513444640490721522678402
  233   1694166649127987447264600136695374411855620086736365616188909068
  235   1642439955060017603322003489582391988764155907306993188630149845
  237   1591848257569915235652240946008939390259762118215378430557753474
  239   1542383816306597250025457068257881876875706177086206107813588475
  241   1494038249795644111717163434880497085003562131906093392859191108
  243   1446802562803465812311012043301571016439017145173574797491544558
  245   1400667173686420050005434316873479930088175831617207248518722799
  247   1355621941683963895568384314150113235586131760447356402169160165
  249   1311656194116180193167415180579655376935234261572683475437672851
  251   1268758753447323352220210721747863411429842205258805332664885123
  253   1226917964178371923086491227785579798146352611736638955059716914
  255   1186121719532953332094496850464211612620862098834453060195521759
  257   1146357487902415323097858605817189333929620602072333162590900172
  259   1107612339017254993441310570181024930368328414524934911120475837
  261   1069872969813575848481545155874148787755216423543013785188971252
  263   1033125729964722113261558618007807449609547304958829753648031717
  265   997356647049733780084771306839245000277278641705425311098343295 
  267   962551451331771757486423292925024038269000865108874673401874945 
  269   928695600121176321789911986852909962010612998738006176505631649 
  271   895774301699340248398397985872163754180684073081138779816807616 
  273   863772538781097003634438412986462495968286461492955662757247644 
  275   832675091494840799436924935522279782172098040565234238432260705 
  277   802466559861105851520290930269991589695029255456053065490622497 
  279   773131385751833650120697850272414358610913493264768595721251467 
  281   744653874314046384213372543961044571214316083550146935054145379 
  283   717018214843118912322171966231752527902398497635442576089146632 
  285   690208501092298031348350857583007036153859334714990379868947806 
  287   664208751006553576799775082164127114042203459169535414314179509 
  289   639002925870258546111293784327981753081934902097621879014973747 
  291   614574948859582561896191803737613023146610580072720951706024426 
  293   590908722991842314387105608690854274092379439834011155812357628 
  295   567988148465382014079198741624961258513445766704642022174633929 
  297   545797139384854361608983024146968178235195743231191974435532579 
  299   524319639868036260753701878445196322800090030440671913480836669 
  301   503539639531541764645344244753816276954972238935726625013530470 
  303   483441188353986001245342868753241684363091257222347870054474526 
  305   464008410916306661544299953099343017614049401250575832680485212 
  307   445225520020062784975122203853552084787979865488943125011501760 
  309   427076829685602914404605594614694942358735299465407757446005687 
  311   409546767533025230473810695122481832196514497575769453986802900 
  313   392619886549840162065965604296838964623065992010201150364261672 
  315   376280876250190491399730936209703134932317223389042577408112509 
  317   360514573231384546134830162362605865512221944969536438240780237 
  319   345305971134354243768838483159750968932275266907973116897837142 
  321   330640230015461198447573405919361260246693442053034456263155190 
  323   316502685137840612658169177578155132601594793357258635050541979 
  325   302878855191194170523269094898094492547590581150649271755447277 
  327   289754449949619654843322110615104881993854080560713768637301933 
  329   277115377377696666624630443359546222116113784393877393562819413 
  331   264947750195634879924050452585223181150705646942761718224436864 
  333   253237891914834064627769048627418011392621498781462899727136033 
  335   241972342355704100656046034124933674873459387491879861139004904 
  337   231137862660048926881565619859842896537566311461054175336459637 
  339   220721439810731442172809464098532578693721701001255122236132685 
  341   210710290671707512459581465951182674011107212161304014328547252 
  343   201091865561847222218051577725752996738625994763098639687951174 
  345   191853851376251199505837972707340377599783194595359113692703774 
  347   182984174269020166348497247893212711381770094842277725444360596 
  349   174471001911647808989528537070000251081731018579055847999111431 
  351   166302745341381670684179662537887276290583848605966571438497579 
  353   158468060414035141016696832024887587694179429569524356088241801 
  355   150955848875836895059904380567964934097138729860637838204993147 
  357   143755259068973510250247339341089100641082659092262991786139228 
  359   136855686285517683159941047108231818248868954092876002328894271 
  361   130246772784439739491270419757897406959056065781112141811159300 
  363   123918407486375263487296170266625391459644128012618071713880494 
  365   117860725360767975621718541722122327471437026793496873380320862 
  367   112064106519925786640658350191522338166797988263403228249465198 
  369   106519175034420592801853039012926112855722006050557154757602683 
  371   101216797484130202535715520628638016740302099743935317358873838 
  373   96148081259065155688340372017621299552722429321181258832581695  
  375   91304372623945471889999036576560124760530417152740676021159814  
  377   86677254560293901445071362954191936013870213699434068843133062  
  379   82258544399594401962765065472576414777626736369796204493395769  
  381   78040291260828669243004211009362749177575445385205931540138066  
  383   74014773305450941886471027512052967396577312200025307632942580  
  385   70174494822593290450669144172556305616637878858809855485675055  
  387   66512183157011490055493660195859723222341916527663910832188002  
  389   63020785491986635295015506713335404760009285381112993840293702  
  391   59693465499091139494093961015720404120058740750106005274183736  
  393   56523599866410891913969002558310002172439689902519514603227160  
  395   53504774716489323178595506345093301639570250129396832326116227  
  397   50630781924925117192161424682847786568476587355861307568630913  
  399   47895615350214441014902436585680453338011036647303351610074954  
  401   45293466985081942369796436490560482246547123389190290323331290  
  403   42818723039193451904015093027297310984165119441996551409739285  
  405   40465959962788351345280901657169914737129145879116383372283171  
  407   38229940420411918502094539786463022290142490872724646006534156  
  409   36105609223568585787099378152963570705366986381942665265347869  
  411   34088089230756860780488462308140129876600553721166480876236208  
  413   32172677222986524851730048431981816659636516079207475752155614  
  415   30354839762519477416833059902771396778097629648614539322204442  
  417   28630209042218015871202041223236213878927475053186062526939019  
  419   26994578732529179661323988167506365864536208091852488242879249  
  421   25443899832781744503452567262711800470110395995165476619587892  
  423   23974276533124190716170038868506196732279021552938970647309936  
  425   22581962093088107579791336676803622839913289010647541437291551  
  427   21263354742422611693703140473072542429828670020082508795707524  
  429   20014993609511988530640011589143432061315618416223756669450009  
  431   18833554682361409263261122155900570032372452837936790758016042  
  433   17715846806814685950047722201663074673740208664844222786932657  
  435   16658807726354024489520535357407191198790829201207059907965335  
  437   15659500167524995013474231899119658907538344851475524505597717  
  439   14715107974730804520870227480877768920803573161370681430697588  
  441   13822932297848730702653001947085962928209021091683422624498153  
  443   12980387835838527426681931115268821175213127809379002728475776  
  445   12184999139237974843372471603471306822449902294588401623361155  
  447   11434396974174720487342965766288985590882914686243159225925439  
  449   10726314750266309534476947644495766499556720292725152055001357  
  451   10058585014531968656807714226209524946942457016688399344325366  
  453   9429136013200394735933711854099767383253882175902859947970972   
  455   8835988323067584245982756384641563463201098680008516012698236   
  457   8277251553837671033929525686145781836592210219769303723836484   
  459   7751121122667842876809736581327079228538801370635237514760769   
  461   7255875101935678994344419391057379966112706506079703149468636   
  463   6789871141053666416136440777588533163996357577563256001147296   
  465   6351543462971165203714377086507621593308609899769900750608981   
  467   5939399935828632473828496262533763215609723203704282800426889   
  469   5552019220062394747249917456776947841377856442355638543284740   
  471   5188047991100570772993045682210871444951741611961383065613335   
  473   4846198237641768991189058057968383887696095583625623814271471   
  475   4525244635367775740068315643647962229937847684865457239686738   
  477   4224021995809458184278339210324453225440656194299249593199929   
  479   3941422789961362437887540769413439995005022850877561141212540   
  481   3676394746124813073928217395426759379481293440072718975291983   
  483   3427938521351524834979673175744715735224355170768774656236189   
  485   3195105445759620801257653845886053343578781254498253235441747   
  487   2976995338901304799206722191073041703188745740855358197223786   
  489   2772754397276043141749441974097825612069919624093938710483126   
  491   2581573152004749055135704793819116174954834625066445497203723   
  493   2402684495608904024754531254194859784893760889369093406216099   
  495   2235361776773560893020598496158233886461951350107632900103039   
  497   2078916961914517355263368894875258167678668243475205765257749   
  499   1932698862317386278296121169338398876658853662880048975543857   
  501   1796091425569579874244016614623898735275395168584063028280308   
  503   1668512089965125973699774151167427160856841967411992447529489   
  505   1549410200526503902227943404010915794887920284372490463825312   
  507   1438265485257082604427533029399579104743464727149510208146556   
  509   1334586590212023572587824135257118893998104670416410621178931   
  511   1237909671954436406646447164691978061950117390993237931103014   
  513   1147797045946908323680845882950746046405845987693346281883269   
  515   1063835889416036341538997194897131373925535823227012882767883   
  517   985636997219041209506704744006582143939320914605118912723821    
  519   912833589236708275823958867886883614110159552314978945288858    
  521   845080167815559419670744775917917585827534784211396532545068    
  523   782051423784093598928278705365001328956923372903127557192277    
  525   723441189572928101662338290515481895343346537334789285090117    
  527   668961437976520140705332091328035698053076879144610447761431    
  529   618341325104646450612127994475449365352874867086297817581478    
  531   571326276084770282864225390433490626371575506938719739386981    
  533   527677112091639900864015835629812322542499867379989213071627    
  535   487169217297755785242545382852931991893071309031339688655276    
  537   449591744357537035675327852399433746384579862421885532773853    
  539   414746857058939108376644169307763822219244380669288406759518    
  541   382449008798759806943541093207287566562481988484105359975470    
  543   352524255561759698092403183664021046944774872189904106337137    
  545   324809602108864843637247854739239008502007214517941167951188    
  547   299152380105968572662721019716601860014623100600496142508102    
  549   275409656952066259896432301048499289592271899885727036159007    
  551   253447674093510647027416963093036094402906079484449084687734    
  553   233141313639939638505316771062960745440599528049792067968948    
  555   214373592126784729272885944075279267147299989856697324562215    
  557   197035180299103716820783081853037896099791153787219539788567    
  559   181023947821689886467193653192679995127289788454798506077101    
  561   166244531850891434052471960985588900148416811175166287705344    
  563   152607928434235603477781537772499863195872256785341965348953    
  565   140031105734703934821643592515905616970237287703762166809033    
  567   128436638107266032967970406713205392625164884724163427475849    
  569   117752360085972938072315311700649317218794471966005439177454    
  571   107911039370466578406984074167734573588837443556627491952696    
  573   98850067931113325153643521435410020357440421064271334821009     
  575   90511170382056927162513685626519108136553966730916040576287     
  577   82840128801253650240223126553103559006415090301225714861314     
  579   75786523205949655479060675608494674769846958355086848003947     
  581   69303486921041521070201194331473629497882148078955605904729     
  583   63347476106283772263133342445000546100409393713247699962019     
  585   57878052736335009841596602521758051669099131988407331177320     
  587   52857680355133449331360431988161411536904092245051241998170     
  589   48251531953033997909117592779982143463059623384940789762527     
  591   44027309341496677976371440105116044551062447082833999010664     
  593   40155073425868020292257878333775399813574136900669997964305     
  595   36607084801924065210592729319272907244482134104387546620038     
  597   33357654126330019981289399225529815751798932499445638770766     
  599   30383001735004557624080300640903186654031453938578933891027     
  601   27661126006546108661210376027726499298963270230193180132529     
  603   25171679990376783947031158912029687603745663285826693826765     
  605   22895855841081691912457652072641658297863500290861829899967     
  607   20816276621564553252524584402984959296060412207309437574571     
  609   18916895058103946628122122688050491580933703181700039475075     
  611   17182898850179461241853512446213268570596731829339482858785     
  613   15600622157046501867266713450207692733888218687657685667141     
  615   14157462901477154787414117404755441501975364150060849579911     
  617   12841805548858555516307538884197867771517592781269104359092     
  619   11642949036957154233297672508455848894391096519320035582309     
  621   10551039548125953943100472120388563231161127323880290318432     
  623   9557007831562126299346003381446033947358984362648391949229      
  625   8652510798425325768674178229285316833280497175852370071157      
  627   7829877127214355805746572683424765287279149434736950247590      
  629   7082056630784212744836845644242748853624296232798312448371      
  631   6402573149780255729683317797928802777561405141752440838109      
  633   5785480750085230358964303734420040395684915606215075692684      
  635   5225323014132520858559084453287978713220025512643095478172      
  637   4717095227650151981047425855949310932376316260512614922371      
  639   4256209274579880149472254951281560190484925254417776434707      
  641   3838461063579643308371407344994862860935395776047328794477      
  643   3460000319681318042699684715400360183142320347337555426868      
  645   3117302584354931724581276942272997691611644084407437124952      
  647   2807143276441041408515462229132360446171354653187365398912      
  649   2526573675170783091796267055453283285181832915914188808580      
  651   2272898694813945648272235857249136584421853936919264867345      
  653   2043656328395085151906709878499982385630361184180399930782      
  655   1836598645411797831877479757471026589054903982066689386856      
  657   1649674235593283709859172284930712023564127177348397368658      
  659   1481011997466532987134436740180087520497063543002540929047      
  661   1328906176866901679663352907139923159539760081349511916560      
  663   1191802566554305213873794546072912261368820123276950368991      
  665   1068285783790262306046045652665649382190067141328646222145      
  667   957067548108778403021421394560635665157231543861956129909       
  669   856975886589459500676629515152664830771859599130756179981       
  671   766945198727847449682076509363171630089463420395893830116       
  673   686007117508970176507871181721614911855750338176675917540       
  675   613282107538345500754182512280211332918756025115313505862       
  677   547971745082634716600558758216993911381492217612744971892       
  679   489351628631902328840949555819627348883833517134992553773       
  681   436764872128707727772591681760111057113187222669318128589       
  683   389616136327352023010974353276698255317915054399554664802       
  685   347366156860458179646321058536449777892299899020501409511       
  687   309526730510214673932497255302227563177673001493917071688       
  689   275656123918213009359932133372861927505908362749658403991       
  691   245354871530622017273409687676944343537274198543440385505       
  693   218261931973848240896054004398048621661373059359094963025       
  695   194051174298834559773913301095155252593928776612470337231       
  697   172428167628377964805653520660711258121767557460771149107       
  699   153127249699564352734761636107203011230399349483546460374       
  701   135908851620525487672409192027758803691758146458337987247       
  703   120557057864770334500328663287544182634031310904740098167       
  705   106877382114534699028158384230534571003018777676480609172       
  707   94694741043798405212577299680637809377087041861203968607        
  709   83851609508379952039317484419283866291893828989115174337        
  711   74206341891058820271531294623828833244976450650650328255        
  713   65631645539911239173898822251824307248215014054962128117        
  715   58013193343593726056911322886787079231070219326282626600        
  717   51248363513498984117299291763565408153694003869727230673        
  719   45245095594591150177869548949533389761652989271171282847        
  721   39920852609083793797017996805116088328638531149836737638        
 723   35201680054477917114902843042435175283466458160109536320        
 725   31021353234103514772586441747934864848551722733585009392        
 727   27320605098243597782867495592767639776697868649726096296        
 729   24046427420971945199666885356037278493546493628799469293        
 731   21151438735594344630500242889908087205705177455697178120        
 733   18593313003427559783094234282604289513593789980925065727        
 735   16334263499760688929173522992665516348649697148557031501        
 737   14340576870209257268790288993589991836184962373803425337        
 739   12582192743100958690252023068294275900776135722865996774        
 741   11032324681658176362350080178730255551630625910592644306        
 743   9667118626036657692731011890608589254020508847934844684         
 745   8465345312056317328895832248539751002303690519762780063         
 747   7408123462885371277806744173699740556958545895673236493         
 749   6478670834038872030631881607365455192481171596882443983         
 751   5662080452720452437267494229959343196976947667619861639         
 753   4945119631539386559129549862074129549770309350496774859         
 755   4316049555623047154908838780951866433677475970072995246         
 757   3764463442654693716785683777837341046486759990273435698         
 759   3281141458829993298787354501764009830836452781063334924         
 761   2857920741475155907878343587608875742740676913432723204         
 763   2487579032344000308998384523539684200039994177963375534         
 765   2163730565561761959162080042539237431477031696975058377         
 767   1880732981878643063236927916295336362543851131286550906         
 769   1633604157327245896131936019985744960118554410360838542         
 771   1417947940463873849120147496780401740156894138489362711         
 773   1229887888965085925649511911454686655446983393219350662         
 775   1066008184235194835413354209030710149408202979806514635         
 777   923300982585596005935016367407554070518883530065345656          
 779   799119534145472931549501109665176762027913038649737143          
 781   691136466576410853270986715652688667630677502392507928          
 783   597306690463447550591870533892311782164832747452993679          
 785   515834437469909486629746181844746844299505287011524713          
 787   445143991459092731332118600704358617434339294253853680          
 789   383853717249719554276609273334086027357933009598730499          
 791   330753031895369040388099184182311525152118006201902450          
 793   284781999738546386835874693226307233759923556413699078          
 795   245013265334530548426901959922246073595780006234202436          
 797   210636067986727689356939061545597941893447984188312512          
 799   180942108375498604356662783851950115464567260897347546          
 801   155313061863301714005999253276371352111590631332165005          
 803   133209554764791345595050467180074328790307221191978018          
 805   114161439404585828110942009786216148749123251939558424          
 807   97759221351813840047149586890115659539672384551474091           
 809   83646508005512008389179566981066865173619542089289450           
 811   71513361878356351611852332553274509879612373274983854           
 813   61090454642876453501560563455271601817694673580418134           
 815   52143929405194196202682542467979910301543842825569575           
 817   44470888884709790361015336939306818809651401371426432           
 819   37895436320629887837598650889973492448360923669766514           
 821   32265204103713712516411748889397970826503524362318539           
 823   27448312440236417301669910408686165412075833179118384           
 825   23330706882114552702988112543083897691426907433732017           
 827   19813829381402715987159903813137004283444542590220126           
 829   16812582720474157391649859087988752751195717516842896           
 831   14253552795840897268893082542481108767175786592991650           
 833   12073457352230724868597702737830420145143984685271108           
 835   10217793427033443198517894590091958037518060419615896           
 837   8639659021214162077910630276645702356146903926387818            
 839   7298727404235077868868283854114809353452933003449214            
 841   6160355026136005211510962594597245500162645286381869            
 843   5194806284537130557586062434528177309027389282528147            
 845   4376580409276237048327023746849182967465702439620408            
 847   3683827510829369769087424286061322453600615707369768            
 849   3097842415862926586638686981128339106385901059499283            
 851   2602626306897496157626111542853853810831669305140097            
 853   2184507413447670514102903178956736667579758635771753            
 855   1831813087331355296179114081871774144293652887818134            
 857   1534586551394082327565029852790323597029519380487321            
 859   1284342453218382918451783789197963331059312092244293            
 861   1073856096479741465761623250670201544301704575151744            
 863   896981874063832985692416902477505587233272951730313             
 865   748496999211475653599498036699979369922152851153379             
 867   623967133015071889297257395270157137223288971547886             
 869   519630946746693853813959748931421141921655807447389             
 871   432301043038176990211674674693501257054267746361936             
 873   359278997328646967141744124491696935906570673980489             
 875   298282575987743417211326326255813592472053994712532             
 877   247383445205477598761305779450368056845297069089388             
 879   204953909622960583477072725296745927694088180498220             
 881   169621415754325234833460721536207121398294525343162             
 883   140229726048899755160407677623532047784901324986093             
 885   115805818082234450080392912492973753651189115109457             
 887   95531692596812041207754489938913367854057454427917              
 889   78720386364491289893647949155432030616782007554817              
 891   64795583250149995232968925465464490590257500031382              
 893   53274301300346361936934126779868081015540100568955              
 895   43752206815552440244241982787674863152132434396154              
 897   35891169641831525742137014551745448051051720272811              
 899   29408728611932451498356514150139774533668523783645              
 901   24069183293567927952483148366202379632936342748220              
 903   19676068942194422993533385784501054956092517638698              
 905   16065806662535582908515456175407342211515670949733              
 907   13102351005136955705281941455684929238440658387683              
 909   10672683214218747885965563862574925901309580675599              
 911   8683020670352405911092243787175943410779821118388               
 913   7055632232067554760275003540861843987671687339312               
 915   5726165606124342068958075063831167595371556126592               
 917   4641406942219312831778771845976631761483727522719               
 919   3757404880334367034509633913121908085559732379628               
 921   3037901560627598116257769820803104099798681011392               
 923   2453021881829842901126642159286739114335013759273               
 925   1978179776767369503909982138185353151451860257753               
 927   1593166646402410504591899886544967895191351506148               
 929   1281392515205452012556966406516075495433721166831               
 931   1029255077546658685903282627587994730927205446737               
 933   825615715031875280772721123218357479310324940657                
 935   661364879831328600162317683284950778881579645436                
 937   529062046363606874508489591032424581358734258389                
 939   422637808202289919471703719545416149214097426749                
 941   337147703119030779631778408134520194179937770777                
 943   268569041916575070413674754011858293321162022709                
 945   213633443350103723426705858216035942199312705725                
 947   169688978353087000391936174828605090198502557704                
 949   134586836449169511036463838631431868561171410047                
 951   106588275051050426601960787701770634126513584648                
 953   84288323374140132584313483298826018078898269997                 
 955   66553308245332113771649449093103039246828608160                 
 957   52469767283471176096670601932033772114459290190                 
 959   41302731146891517593316591382412698516619838703                 
 961   32461703822265116998214703722641493108881171366                 
 963   25472959306603831432225204978636995255112329227                 
 965   19957013844924217206674394272475336870771603418                 
 967   15610333012778761899615192958033737494519011522                 
 969   12190499024194905445871405315688795156372820543                 
 971   9504201301723020341855171980327339082244057715                  
 973   7397527277096835890970436580122760632009119239                  
 975   5748124555849589389539748749862235588854742571                  
 977   4458883297080840803332152125760967985429008584                  
 979   3452851711853332990049544165482968458228442652                  
 981   2669150297432767682355220483409004993396034786                  
 983   2059693743902449573602625464250364006190040189                  
 985   1586564996558599641300090813223737147696005448                  
 987   1219915083186036080056841639886933303627629815                  
 989   936286143952398556424866785466672199294594271                   
 991   717274567049924039682538086292966334793153753                   
 993   548467009931376468714478412159253004250551921                   
 995   418595015572377213547428229098766243292707831                   
 997   318864446206658931296099445897770433623061504                   
 999   242424491537735316092633638199787443765465789                   
 1001  183947925752040890698431421018901647189691394                   
 1003  139299885108672276797389171574768978748089508                   
 1005  105276959871357469374366599300815003134958248                   
 1007  79402041450436365770488760733904034309241936                    
 1009  59763302167439941940689115054318381756883804                    
 1011  44888045463209214994477139002340197229635409                    
 1013  33644058417190455888253697898353300844394894                    
 1015  25162615629679950299232479252694789927737642                    
 1017  18778496686507825664844624641783820834945624                    
 1019  13983347768212825424468723616119127402572511                    
 1021  10389489496652617767163213154977408442759630                    
 1023  7701886710152559262953560109672341985539799                     
 1025  5696482950648436338705253101588472377858566                     
 1027  4203488390921898063164494051875886196368627                     
 1029  3094515151346072299603464313159421344215616                     
 1031  2272694874162498233815815239321014996319692                     
 1033  1665103216533940155183017354000578227484733                     
 1035  1216965146353799485682699407353925202690602                     
 1037  887232015394679228764414582058928654360844                      
 1039  645213076156143353774972494132070658647337                      
 1041  468015764083085163861740416138236856978425                      
 1043  338604947817488218489362341296570646116861                      
 1045  244334837737762478859266506026248078138909                      
 1047  175841013711443318640877546753730165470820                      
 1049  126206201220854927849183550685388010838443                      
 1051  90333657844947970514322289941402186508218                       
 1053  64477640993474262326142087346378252995654                       
 1055  45892442389582088287677695358133239023008                       
 1057  32570701627907033024618979326380219291942                       
 1059  23048780627187259784149199859459994466092                       
 1061  16262384626640114214052788602113492952541                       
 1063  11439736143349302974911380027686170495372                       
 1065  8022743054232702014443324925933871608808                        
 1067  5608980771089957986758141574274758539564                        
 1069  3909109136376931186735079883635968497459                        
 1071  2715704245357266247078526136159288775067                        
 1073  1880509306014102367016656234769654180132                        
 1075  1297877746553753366403310148385377748096                        
 1077  892757952777855062342077614639869813236                         
 1079  611999498279559325637197508354515826052                         
 1081  418081480721124751517751121825435310395                         
 1083  284601904783502307756095223294957799924                         
 1085  193043637728567756953844365551146408937                         
 1087  130462927218003032940329180111622721302                         
 1089  87842578829182661253852035977670742275                          
 1091  58922480283823386925170131628671013913                          
 1093  39371850312836634663194112943249269450                          
 1095  26205326217021179996548044605720793180                          
 1097  17372467175287292075769965456041005022                          
 1099  11470173698391530618030925707811939632                          
 1101  7541930739354689749785038427432487025                           
 1103  4938166039207455078749262798103749042                           
 1105  3219474771095719868052994252106600934                           
 1107  2089801962231664561373760911925657429                           
 1109  1350484304660356932305397016261626141                           
 1111  868761760500369474527721925506406165                            
 1113  556288281248251319200641082996719933                            
 1115  354525368298087676918750810821737609                            
 1117  224854620850718074934322798194574951                            
 1119  141912625090785009739149868973157267                            
 1121  89117142742372035366383500737789011                             
 1123  55677197940639006395493907073377264                             
 1125  34603722660321219585244381040284468                             
 1127  21391908400955724778043505907461919                             
 1129  13152485352914969050706919348552649                             
 1131  8041672579963125189939995365201155                              
 1133  4888911202158698662012873278625173                              
 1135  2954950690374184426225503256851769                              
 1137  1775431315793765095891048855902281                              
 1139  1060264676104440499122907584009422                              
 1141  629246241621799978564460045305263                               
 1143  371073413800906730990968536621584                               
 1145  217403520297192017106906014286919                               
 1147  126524043583795250943733503209624                               
 1149  73132262445123946970128658180694                                
 1151  41976037188098374489888734687118                                
 1153  23920737109546551817989936671815                                
 1155  13531614885355395244292843693484                                
 1157  7597046427254357208683306208590                                 
 1159  4232284467480047656431615103024                                 
 1161  2339112986801473136952875905349                                 
 1163  1282276004747069547757131936450                                 
 1165  697059090849490990784907814021                                  
 1167  375677448139184812217037429829                                  
 1169  200684314424858613560866181780                                  
 1171  106231963269320170746048002405                                  
 1173  55709114020146276811477829467                                   
 1175  28933910491418381765761135392                                   
 1177  14878970229692503859241517259                                   
 1179  7573429434526952826981126384                                    
 1181  3814424833854462193007591709                                    
 1183  1900370932571325253195246032                                    
 1185  936201666961135240764629537                                     
 1187  455893420889157184453687902                                     
 1189  219357777278854404980857327                                     
 1191  104246767449683959133755752                                     
 1193  48910998519764754414192987                                      
 1195  22645874663190937125678302                                      
 1197  10341975682076603235573040                                      
 1199  4656193525960615875806365                                       
 1201  2065570171912425119769490                                       
 1203  902369912697186391521957                                        
 1205  387975275595566336945517                                        
 1207  164066823818162398344188                                        
 1209  68192899861775812173138                                         
 1211  27838371020647952358688                                         
 1213  11153152970466967444826                                         
 1215  4381670758064850472846                                          
 1217  1686486393868198533534                                          
 1219  635346548312333823559                                           
 1221  234031719752306630159                                           
 1223  84195834317872652806                                            
 1225  29548393410497258657                                            
 1227  10102646681463467820                                            
 1229  3360272839290662970                                             
 1231  1085612550412082395                                             
 1233  340090052365104219                                              
 1235  103113438158913459                                              
 1237  30195132991887834                                               
 1239  8520364987233259                                                
 1241  2310803893154484                                                
 1243  600620896491309                                                 
 1245  149127876298179                                                 
 1247  35239942525455                                                  
 1249  7892136355680                                                   
 1251  1666932807305                                                   
 1253  330167238726                                                    
 1255  60915061181                                                     
 1257  10384805691                                                     
 1259  1619966516                                                      
 1261  228439966                                                       
 1263  28673475                                                        
 1265  3139085                                                         
 1267  291499                                                          
 1269  22049                                                           
 1271  1274                                                            
 1273  50                                                              
 1275  1                         