-561 1
-559 33
-557 560
-555 6511
-553 58310
-551 428758
-549 2694670
-547 14879591
-545 73649236
-543 331766645
-541 1376403810
-539 5309441207
-537 19192493331
-535 65435680747
-533 211582057035
-531 651862949646
-529 1921320303715
-527 5436687172806
-525 14814852190943
-523 38982477962760
-521 99288649879157
-519 245315364899508
-517 589095870452252
-515 1377341960672458
-513 3140356631657140
-511 6992328732454114
-509 15224386278092005
-507 32452928088761992
-505 67801971869275609
-503 138977730432887350
-501 279749070908732407
-499 553462562556333346
-497 1077090536916319688
-495 2063402815080722099
-493 3893899992087645255
-491 7243281466257818555
-489 13289177281780074347
-487 24061269254422531437
-485 43015683785578315280
-483 75969461896775970705
-481 132604515758842027377
-479 228863135083471329665
-477 390725619333903135892
-475 660110396759306407096
-473 1104004011753495556930
-471 1828463095163205634049
-469 2999903170489117531233
-467 4877197035328134614362
-465 7859681753838885579691
-463 12558399510133704048520
-461 19901019216095513749376
-459 31285232698971043054276
-457 48801431812563703359275
-455 75553734916990895893167
-453 116119712682346819342375
-451 177204472805995692148504
-449 268565415020774764290678
-447 404311663744699417426741
-445 604719118276609360536621
-443 898751038347257051732335
-441 1327538685539663597801507
-439 1949161306662735494334506
-437 2845175398008125906293020
-435 4129486914812480028774371
-433 5960345863568279159516520
-431 8556481694501762613871549
-429 12218703905642883695100096
-427 17358682287573741452382800
-425 24537116137755319740741331
-423 34514127022224689463004735
-421 48315496219516462557235370
-419 67319353322612302174410921
-417 93369151773703818835218035
-415 128920294592892081065582774
-413 177229664070282697475528395
-411 242599639923733652761602765
-409 330691052946254852049778531
-407 448923023649433332921305848
-405 606981905146275141252868229
-403 817466735727931079562962271
-401 1096704883526460315349116541
-399 1465779136032759905801461256
-397 1951816585985994766404444448
-395 2589600563515155655002361043
-393 3423579874398572043312986281
-391 4510365083457089144657137852
-389 5921819938611913283572026237
-387 7748877729312010023281733981
-385 10106237938983730839805970597
-383 13138128578804165941340239241
-381 17025354747392476607812678706
-379 21993894996269007398339886745
-377 28325354829289418171165433542
-375 36369642054120956816368938765
-373 46560292763186863457875165276
-371 59432950584062169657145167099
-369 75647586750201813300570431184
-367 96015145863918367706843475043
-365 121529413437665735436126852687
-363 153405028014662370510464154121
-361 193122704620693492315068507953
-359 242482899348933994963699839512
-357 303669329020079586054079130423
-355 379323967207696526731351939871
-353 472635370711137823279505465008
-351 587442451147090388075425305047
-349 728356097171214183453513792825
-347 900901376479716912215069577624
-345 1111683405797788019171745945150
-343 1368580374212411454814499036722
-341 1680967643155690928673376340471
-339 2059977327796789252585365188543
-337 2518798292228494602771904645922
-335 3073022067239559906594778618698
-333 3741040827132500483104254262502
-331 4544504243300377539556490350677
-329 5508842769218123680756313613024
-327 6663865705957705486764714039561
-325 8044443250780076933878098599567
-323 9691282644851861023447437991226
-321 11651809510248755447566498245377
-319 13981166501132948343045524727386
-317 16743342488658274766794905744750
-315 20012446652341291730162999085439
-313 23874143060068266650111552620485
-311 28427262581371941130199067807957
-309 33785610289848746080522958791885
-307 40079987865194087323003592044496
-305 47460451896664296283046822388187
-303 56098830409841630516368908812126
-301 66191521377960356589157009445652
-299 77962598426799008887299375011375
-297 91667250385699369459180833001312
-295 107595582762396435609673190378612
-293 126076810610048501886070856064604
-291 147483873593357165104908463151909
-289 172238505327343851517784400977946
-287 200816790235729281534762937484492
-285 233755242232619266299585783441936
-283 271657440446178202238236742402271
-281 315201257949230782579921209459823
-279 365146720010622423219441753054656
-277 422344528702430487572337579359563
-275 487745290760015793622755162913458
-273 562409485361389429597608836714966
-271 647518207935282813513467535084523
-269 744384725188609459048233634193950
-267 854466875228046902035528595355824
-265 979380344901297784442687988481817
-263 1120912854265305503760561789777701
-261 1281039275365823810866077817042121
-259 1461937709250637966346606423831572
-257 1666006541304073086464339905745114
-255 1895882490551654842851290204392767
-253 2154459663511665002875834280822786
-251 2444909617438466680817276596708800
-249 2770702431387890686301376379673302
-247 3135628776418716743569966408222539
-245 3543822968412011940533883000036016
-243 3999786978432697805469621074813438
-241 4508415366271953541896427343961003
-239 5075021092798139865070367334329761
-237 5705362156018129673931131819089382
-235 6405668984328196995342962169694353
-233 7182672508340093391704551959152667
-231 8043632819938510436911487671856563
-229 8996368313904870312059704730582633
-227 10049285193583007395490052868695105
-225 11211407207728478700138771356069668
-223 12492405470948897888377533917591009
-221 13902628205092198084873425692280430
-219 15453130223668007602026943201043525
-217 17155701965999824048208620672409720
-215 19022897872418274194158319061493666
-213 21068063876544517013087109106470060
-211 23305363775713681673065019612698051
-209 25749804225996362356732021102514792
-207 28417258094245553358233895411669602
-205 31324485886288868860166812070941824
-203 34489154957970336305086259512934172
-201 37929856204397320352497633141431434
-199 41666117912645817587707846758046092
-197 45718416454504457835748592259271753
-195 50108183488778976734034569404545587
-193 54857809337419916426538693318715519
-191 59990642196460670733135641423928811
-189 65530982841641246829438075742817460
-187 71504074489820572519438340317387233
-185 77936087481014883229145954345902777
-183 84854098452300359289151358842108261
-181 92286063684031915502477489788968573
-179 100260786310990326592778673158727822
-177 108807877106294251471082788709517350
-175 117957708564301649511418429938585560
-173 127741362030355771822701749643350337
-171 138190567650161235914508766438645757
-169 149337636939838196984315931989431156
-167 161215387809303640366087814418217935
-165 173857061906546705708234240456458254
-163 187296234188548551102933501096310410
-161 201566714665964504230842072284995038
-159 216702442313122996501489640204343250
-157 232737371182254937961447797107145598
-155 249705348810968068501749419696084473
-153 267639987064608778316435625263131916
-151 286574525610060326265123443947972942
-149 306541688274429038320846032230927320
-147 327573532600653672699233134093561112
-145 349701292971990431144126400565089815
-143 372955217738199197180538842092539212
-141 397364400837678743964289334615077951
-139 422956608471336383016967467495707875
-137 449758101445173073190162408827505821
-135 477793453858939229485245266179310072
-133 507085368877272021566500908055891634
-131 537654492376949833513503391414399500
-129 569519225318770967841595747017494102
-127 602695535744552154819507902885863567
-125 637196771348316249252889779375029946
-123 673033473615368305365838108139402257
-121 710213194563122844549651725142073774
-119 748740317152732547578788221254410495
-117 788615880470287006121257817988838609
-115 829837410800129092526918537177368497
-113 872398759730232957658353805835793770
-111 916289950440191205277053725058523324
-109 961497033325796520210930980069158440
-107 1008001952110144419756402590747463252
-105 1055782421579345320299049746211854958
-103 1104811818061083581578560755904831398
-101 1155059083736221817158902790567896671
-99 1206488645837302807938580287429442890
-97 1259060351743093398124998860884105194
-95 1312729420925254445763954689599954940
-93 1367446414641885246240548785191525900
-91 1423157224203225908754887282007729444
-89 1479803078557423182618960495753846589
-87 1537320571859261120568990499413875294
-85 1595641711592485180991057356597061644
-83 1654693987717234083394971993476495080
-81 1714400463208633350650967385434952937
-79 1774679886241359472782334567559437877
-77 1835446824158578702048303986928013496
-75 1896611819242784023232939432218767589
-73 1958081566181437738004190855949858623
-71 2019759110992765965033365582151558171
-69 2081544071047381089191974073836114150
-67 2143332875690504013177971571705377044
-65 2205019026838328018142081136584265684
-63 2266493378791444035862729851856137996
-61 2327644436379185578610396945417533296
-59 2388358670422213648857559061011897268
-57 2448520849377613631478887532701360824
-55 2508014385912178018079057311014783504
-53 2566721697036347653325300474693671448
-51 2624524576324404744286804987323748553
-49 2681304576646847403524264705517745771
-47 2736943401749283597859139107689026280
-45 2791323304929470939251269694840753939
-43 2844327492991052228358576655570791049
-41 2895840533589787663896950863190755932
-39 2945748764036287012133647016754132983
-37 2993940699578947448041153527175113601
-35 3040307439162472860147269895817894526
-33 3084743066641369568758104801089264664
-31 3127145045424472372324664537134870012
-29 3167414604536049953186846895324049286
-27 3205457114101469009639114401262220089
-25 3241182448300761790015305436452156077
-23 3274505333881641269450701280348368110
-21 3305345682384340589708200208041416672
-19 3333628904303817071432267978797221129
-17 3359286203499956114384369004493735846
-15 3382254850262940633726925816914294032
-13 3402478431548328730820824881030147888
-11 3419907077013929088405348855403008550
-9 3434497659617519849004328974589391191
-7 3446213969669984802726867572095196056
-5 3455026861381632088625682762486397842
-3 3460914371089343289952663570866044558
-1 3463861806507747133152591395448445166
1 3463861806507747133152591395448445166
3 3460914371089343289952663570866044558
5 3455026861381632088625682762486397842
7 3446213969669984802726867572095196056
9 3434497659617519849004328974589391191
11 3419907077013929088405348855403008550
13 3402478431548328730820824881030147888
15 3382254850262940633726925816914294032
17 3359286203499956114384369004493735846
19 3333628904303817071432267978797221129
21 3305345682384340589708200208041416672
23 3274505333881641269450701280348368110
25 3241182448300761790015305436452156077
27 3205457114101469009639114401262220089
29 3167414604536049953186846895324049286
31 3127145045424472372324664537134870012
33 3084743066641369568758104801089264664
35 3040307439162472860147269895817894526
37 2993940699578947448041153527175113601
39 2945748764036287012133647016754132983
41 2895840533589787663896950863190755932
43 2844327492991052228358576655570791049
45 2791323304929470939251269694840753939
47 2736943401749283597859139107689026280
49 2681304576646847403524264705517745771
51 2624524576324404744286804987323748553
53 2566721697036347653325300474693671448
55 2508014385912178018079057311014783504
57 2448520849377613631478887532701360824
59 2388358670422213648857559061011897268
61 2327644436379185578610396945417533296
63 2266493378791444035862729851856137996
65 2205019026838328018142081136584265684
67 2143332875690504013177971571705377044
69 2081544071047381089191974073836114150
71 2019759110992765965033365582151558171
73 1958081566181437738004190855949858623
75 1896611819242784023232939432218767589
77 1835446824158578702048303986928013496
79 1774679886241359472782334567559437877
81 1714400463208633350650967385434952937
83 1654693987717234083394971993476495080
85 1595641711592485180991057356597061644
87 1537320571859261120568990499413875294
89 1479803078557423182618960495753846589
91 1423157224203225908754887282007729444
93 1367446414641885246240548785191525900
95 1312729420925254445763954689599954940
97 1259060351743093398124998860884105194
99 1206488645837302807938580287429442890
101 1155059083736221817158902790567896671
103 1104811818061083581578560755904831398
105 1055782421579345320299049746211854958
107 1008001952110144419756402590747463252
109 961497033325796520210930980069158440
111 916289950440191205277053725058523324
113 872398759730232957658353805835793770
115 829837410800129092526918537177368497
117 788615880470287006121257817988838609
119 748740317152732547578788221254410495
121 710213194563122844549651725142073774
123 673033473615368305365838108139402257
125 637196771348316249252889779375029946
127 602695535744552154819507902885863567
129 569519225318770967841595747017494102
131 537654492376949833513503391414399500
133 507085368877272021566500908055891634
135 477793453858939229485245266179310072
137 449758101445173073190162408827505821
139 422956608471336383016967467495707875
141 397364400837678743964289334615077951
143 372955217738199197180538842092539212
145 349701292971990431144126400565089815
147 327573532600653672699233134093561112
149 306541688274429038320846032230927320
151 286574525610060326265123443947972942
153 267639987064608778316435625263131916
155 249705348810968068501749419696084473
157 232737371182254937961447797107145598
159 216702442313122996501489640204343250
161 201566714665964504230842072284995038
163 187296234188548551102933501096310410
165 173857061906546705708234240456458254
167 161215387809303640366087814418217935
169 149337636939838196984315931989431156
171 138190567650161235914508766438645757
173 127741362030355771822701749643350337
175 117957708564301649511418429938585560
177 108807877106294251471082788709517350
179 100260786310990326592778673158727822
181 92286063684031915502477489788968573
183 84854098452300359289151358842108261
185 77936087481014883229145954345902777
187 71504074489820572519438340317387233
189 65530982841641246829438075742817460
191 59990642196460670733135641423928811
193 54857809337419916426538693318715519
195 50108183488778976734034569404545587
197 45718416454504457835748592259271753
199 41666117912645817587707846758046092
201 37929856204397320352497633141431434
203 34489154957970336305086259512934172
205 31324485886288868860166812070941824
207 28417258094245553358233895411669602
209 25749804225996362356732021102514792
211 23305363775713681673065019612698051
213 21068063876544517013087109106470060
215 19022897872418274194158319061493666
217 17155701965999824048208620672409720
219 15453130223668007602026943201043525
221 13902628205092198084873425692280430
223 12492405470948897888377533917591009
225 11211407207728478700138771356069668
227 10049285193583007395490052868695105
229 8996368313904870312059704730582633
231 8043632819938510436911487671856563
233 7182672508340093391704551959152667
235 6405668984328196995342962169694353
237 5705362156018129673931131819089382
239 5075021092798139865070367334329761
241 4508415366271953541896427343961003
243 3999786978432697805469621074813438
245 3543822968412011940533883000036016
247 3135628776418716743569966408222539
249 2770702431387890686301376379673302
251 2444909617438466680817276596708800
253 2154459663511665002875834280822786
255 1895882490551654842851290204392767
257 1666006541304073086464339905745114
259 1461937709250637966346606423831572
261 1281039275365823810866077817042121
263 1120912854265305503760561789777701
265 979380344901297784442687988481817
267 854466875228046902035528595355824
269 744384725188609459048233634193950
271 647518207935282813513467535084523
273 562409485361389429597608836714966
275 487745290760015793622755162913458
277 422344528702430487572337579359563
279 365146720010622423219441753054656
281 315201257949230782579921209459823
283 271657440446178202238236742402271
285 233755242232619266299585783441936
287 200816790235729281534762937484492
289 172238505327343851517784400977946
291 147483873593357165104908463151909
293 126076810610048501886070856064604
295 107595582762396435609673190378612
297 91667250385699369459180833001312
299 77962598426799008887299375011375
301 66191521377960356589157009445652
303 56098830409841630516368908812126
305 47460451896664296283046822388187
307 40079987865194087323003592044496
309 33785610289848746080522958791885
311 28427262581371941130199067807957
313 23874143060068266650111552620485
315 20012446652341291730162999085439
317 16743342488658274766794905744750
319 13981166501132948343045524727386
321 11651809510248755447566498245377
323 9691282644851861023447437991226
325 8044443250780076933878098599567
327 6663865705957705486764714039561
329 5508842769218123680756313613024
331 4544504243300377539556490350677
333 3741040827132500483104254262502
335 3073022067239559906594778618698
337 2518798292228494602771904645922
339 2059977327796789252585365188543
341 1680967643155690928673376340471
343 1368580374212411454814499036722
345 1111683405797788019171745945150
347 900901376479716912215069577624
349 728356097171214183453513792825
351 587442451147090388075425305047
353 472635370711137823279505465008
355 379323967207696526731351939871
357 303669329020079586054079130423
359 242482899348933994963699839512
361 193122704620693492315068507953
363 153405028014662370510464154121
365 121529413437665735436126852687
367 96015145863918367706843475043
369 75647586750201813300570431184
371 59432950584062169657145167099
373 46560292763186863457875165276
375 36369642054120956816368938765
377 28325354829289418171165433542
379 21993894996269007398339886745
381 17025354747392476607812678706
383 13138128578804165941340239241
385 10106237938983730839805970597
387 7748877729312010023281733981
389 5921819938611913283572026237
391 4510365083457089144657137852
393 3423579874398572043312986281
395 2589600563515155655002361043
397 1951816585985994766404444448
399 1465779136032759905801461256
401 1096704883526460315349116541
403 817466735727931079562962271
405 606981905146275141252868229
407 448923023649433332921305848
409 330691052946254852049778531
411 242599639923733652761602765
413 177229664070282697475528395
415 128920294592892081065582774
417 93369151773703818835218035
419 67319353322612302174410921
421 48315496219516462557235370
423 34514127022224689463004735
425 24537116137755319740741331
427 17358682287573741452382800
429 12218703905642883695100096
431 8556481694501762613871549
433 5960345863568279159516520
435 4129486914812480028774371
437 2845175398008125906293020
439 1949161306662735494334506
441 1327538685539663597801507
443 898751038347257051732335
445 604719118276609360536621
447 404311663744699417426741
449 268565415020774764290678
451 177204472805995692148504
453 116119712682346819342375
455 75553734916990895893167
457 48801431812563703359275
459 31285232698971043054276
461 19901019216095513749376
463 12558399510133704048520
465 7859681753838885579691
467 4877197035328134614362
469 2999903170489117531233
471 1828463095163205634049
473 1104004011753495556930
475 660110396759306407096
477 390725619333903135892
479 228863135083471329665
481 132604515758842027377
483 75969461896775970705
485 43015683785578315280
487 24061269254422531437
489 13289177281780074347
491 7243281466257818555
493 3893899992087645255
495 2063402815080722099
497 1077090536916319688
499 553462562556333346
501 279749070908732407
503 138977730432887350
505 67801971869275609
507 32452928088761992
509 15224386278092005
511 6992328732454114
513 3140356631657140
515 1377341960672458
517 589095870452252
519 245315364899508
521 99288649879157
523 38982477962760
525 14814852190943
527 5436687172806
529 1921320303715
531 651862949646
533 211582057035
535 65435680747
537 19192493331
539 5309441207
541 1376403810
543 331766645
545 73649236
547 14879591
549 2694670
551 428758
553 58310
555 6511
557 560
559 33
561 1
