-1225 1                                                              
    -1223 49                                                             
    -1221 1224                                                           
    -1219 20775                                                          
    -1217 269450                                                         
    -1215 2847586                                                        
    -1213 25534390                                                       
    -1211 199766491                                                      
    -1209 1391526550                                                     
   -1207 8764839175                                                     
   -1205 50530255490                                                    
   -1203 269252177545                                                   
   -1201 1336765568579                                                  
   -1199 6225203548375                                                  
   -1197 27347806169775                                                 
   -1195 113887933772724                                                
   -1193 451493020193130                                                
   -1191 1710182996663175                                               
   -1189 6209561094078775                                               
   -1187 21674768004654575                                              
   -1185 72918305167025625                                              
   -1183 236976614206190760                                             
   -1181 745522498046978176                                             
   -1179 2274660288878580575                                            
   -1177 6742373842172804850                                            
   -1175 19445746729033790837                                           
   -1173 54647440907375394149                                           
   -1171 149835885434433977353                                          
   -1169 401314828560027193400                                          
   -1167 1051139845555864709975                                         
   -1165 2695184364196651939312                                         
   -1163 6771482212402116971980                                         
   -1161 16685218050180984913862                                        
   -1159 40354528841127859814450                                        
   -1157 95873923956386586171050                                        
   -1155 223908451777403938601329                                       
   -1153 514394637101620054576440                                       
   -1151 1163200259215238728247533                                      
   -1149 2590623354048190756036875                                      
   -1147 5685782156115987359766675                                      
   -1145 12303898981114333890105262                                     
   -1143 26265123856573817288514685                                     
   -1141 55335768929919204719562765                                     
   -1139 115111009829170445847101575                                    
   -1137 236535643610302779472830575                                    
   -1135 480308246071978056310941635                                    
   -1133 964169265610190012430616495                                    
   -1131 1914053901283136939812345677                                   
   -1129 3759004600672490633973534675                                   
   -1127 7305540795165551032260390875                                   
   -1125 14054940261725877906519618133                                  
   -1123 26775203528727895045716694076                                  
   -1121 50522849249173893934570172987                                  
   -1119 94452351155538442814818180599                                  
   -1117 174993133714326198656171268824                                 
   -1115 321381642710306178567870653642                                 
   -1113 585216913897578556972226970015                                 
   -1111 1056836982054403589195769503289                                
   -1109 1893171480678574519478938964166                                
   -1107 3364761959774309552253082632116                                
   -1105 5934568458101038035618302324069                                
   -1103 10389122224191156573747623233821                               
   -1101 18055300078551822672168050192848                               
   -1099 31156225257025572481576689062155                               
   -1097 53391781138671303979830048577305                               
   -1095 90879476713396766190520317247070                               
   -1093 153669893503714713997950456107389                              
   -1091 258172827820893248024984528876809                              
   -1089 431018434482640522268630535367334                              
   -1087 715166639689324602977702365971634                              
   -1085 1179519374580419352009222405604063                             
   -1083 1933960511784514308705675188799029                             
   -1081 3152761377804426764903736292766742                             
   -1079 5110812772951844606289422030329670                             
   -1077 8239423048040758001996875437489845                             
   -1075 13211814259365501549574717305627399                            
   -1073 21073475280317806255996255066883633                            
   -1071 33439944801733083618330501039805896                            
   -1069 52795482348413124208651802669345609                            
   -1067 82941995759933466510001489248611084                            
   -1065 129670747447370653124273568491872633                           
   -1063 201762912950166337466254468826921636                           
   -1061 312473479252124926809293244626658212                           
   -1059 481722544160004142995725271740133838                           
   -1057 739317657571347983597205023523845738                           
   -1055 1129672808864151180603189726767114555                          
   -1053 1718691268111959119148045949935749437                          
   -1051 2603764700147749065672877249383314423                          
   -1049 3928242959038004068505102519107700140                          
   -1047 5902293476898352081093087938985102265                          
   -1045 8832859041739573702934195137039554833                          
   -1043 13166524095827758565627182671418581532                         
   -1041 19550629971013017385832592502710259148                         
   -1039 28920098545414610097611823553719291127                         
   -1037 42620348388935482696306314579799080602                         
   -1035 62580710510801259657125488218996518210                         
   -1033 91558267055414859048322835800122332622                         
   -1031 133479575938586613027266088542908126966                        
   -1029 193918017560348628020729523468892861334                        
  -1027 280758454502054741305552596919327521859                        
  -1025 405119793783203844856398084777768325735                        
  -1023 582631559474403940875071964290796050169                        
  -1021 835194939369939083590597796435351289011                        
  -1019 1193404891070187788905727641411249895379                       
  -1017 1699871634807479151178600133453608222704                       
  -1015 2413762283317737161399509550315284338068                       
  -1013 3416993089437982603178361280320169540206                       
  -1011 4822648483876028153038987131399549427184                       
  -1009 6786396001603982552150814846542271016840                       
  -1007 9521921002612944721148353986399163790016                       
  -1005 13321740765039817222833025584006102363182                      
  -1003 18585198609826742496565430023863316296715                      
  -1001 25856016861862830412371359168771556746385                      
  -999  35872543393962257413413083416153874523073                      
  -997  49634812521744616048719568549918843694532                      
  -995  68493824079710941357060263252347961245394                      
  -993  94270110170605216343492601460842885225022                      
  -991  129410816419266838876092788839616666968953                     
  -989  177197312331231017734125326018818330545721                     
  -987  242018939669554309472082610195488531080841                     
  -985  329733131674286896607609428272698914301392                     
  -983  448138071359660044080737298655875430398194                     
  -981  607591659562518590417312194026111957633988                     
  -979  821820280336335443592075838742142640662666                     
  -977  1108973244686638536512874345005886882482681                    
  -975  1492994567965961323581517051709461618979784                    
  -973  2005403772715937183613808557658586913308632                    
  -971  2687602807573533784527459301301321524103464                    
  -969  3593858305000152459038594079472219999618777                    
  -967  4795148971090482588789025234316496101718722                    
  -965  6384119026114120394321321120912458341403102                    
  -963  8481442917181253036391871769932079408529885                    
  -961  11243987247781672056389778570241365212162151                   
  -959  14875257016704206198336902861271429153906607                   
  -957  19638739764718967989803788675310924292491970                   
  -955  25874919160238761175225822164115992349562050                   
  -953  34022926366987616287173752877143702380245815                   
  -951  44648042362059882013001368592178618377351323                   
  -949  58476568389459125541951282853763045959088818                   
  -947  76439958597166574241469876203085508965295855                   
  -945  99730575268011759149680864294083748654748592                   
  -943  129872003191858296906623885994681897997398923                  
  -941  168807570285071666795818239760896001961183364                  
  -939  219011596453104487755346085006298367211699666                  
  -937  283628968153736069046584952032084658052326671                  
  -935  366649955992911950178731869643118423867456235                  
  -933  473128809924560443103794308152115077490552951                  
  -931  609456645088585164167454067481476787328327219                  
  -929  783701547900141246280936709340052007740534832                  
  -927  1006031779145525373631235981007522996093427266                 
  -925  1289241539527203088262337929653864522753255846                 
  -923  1649403126367040284634532686658609820922702403                 
  -921  2106674607257743925288676275276542741030988645                 
  -919  2686298557666824473955316925959252509480051839                 
  -917  3419835181988747523931576548072583749396086358                 
  -915  4346682532017090114538352493041732829860814600                 
  -913  5515947875441897543287972105671208699625063877                 
  -911  6988747932654375003972101922365778173938382345                 
  -909  8841032147274884471130040698758336807288094521                 
  -907  11167042922975660107336562700435920140110468327                
  -905  14083550483781940287923568309423253531533107986                
  -903  17735028450548783852481257038748562838172025019                
  -901  22299970262108903844389800968374639910931611366                
  -899  27998587254135946297333463301020403206214571784                
  -897  35102177776460883317729749610256637791205670730                
  -895  43944514631829244779385732106999401919653842553                
  -893  54935667060295426697910252856085603469810562378                
  -891  68578755472565879823319997615263361701660973090                
  -889  85490234494075559106764187503684794650826624925                
  -887  106424415358629286267803605612334450962967377361               
  -885  132303075486661395208137564335136393011376467888               
  -883  164251164933678354897300047542834973127659596613               
  -881  203639810652854764790605585106935907492310904274               
  -879  252138045250452889172274196240274790618473354082               
  -877  311774953017238828370377072104731141900271001983               
  -875  385014239338203685956618764514730262147391234286               
  -873  474843598057041363177983602618437672344772481304               
  -871  584881684201527931068311275324922644050580560751               
  -869  719506007309576491785648619778105287082575471700               
  -867  884005655743250797421596971448803148143994761868               
  -865  1084763459054000327661892006879770150383930322595              
  -863  1329473010062238805437322798351797304758472615822              
  -861  1627396919727768332070276638185869355187542308961              
  -859  1989673787853589756545376465177552731894971719362              
  -857  2429682666175224523522575930012864608560231618691              
  -855  2963475296138391922201504523511088283999305054020              
  -853  3610288154578000323779104834915876860569196251015              
  -851  4393148374299871946566049755454201820546205355337              
  -849  5339589966406885605755378785305987079350558386748              
  -847  6482499506467463702906042352888527280429155577984              
  -845  7861113613679511668679209705805618186589679419198              
  -843  9522194215369189704451293673057511947156320921393              
  -841  11521411821806825154331705309482404256615396861350             
  -839  13924971921911579732345819508207300922526468706799             
  -837  16811525243917204418594296129566343535642658572766             
  -835  20274409114390562608707469139012417881789713008211             
  -833  24424274616621297991964943862427937252136077332871             
  -831  29392162834235404233496147706983225728470690910020             
  -829  35333103325280437228776171214606287772580983482277             
  -827  42430319284064915425479335090331469203216629126000             
  -825  50900136814044963975394178041426543149753019050410             
  -823  60997710582443077133506060573812997299039432523803             
  -821  73023695112656390110215184734490979757517995083850             
  -819  87332010383124121346210362914195161410129092074098             
  -817  104338872566935702307771601655661954554142644152336            
  -815  124533286031585753049764573006370305282613275691851            
  -813  148489221534889349183033404130019259043949961391534            
  -811  176879738363783921966749636164801628277131248485308            
  -809  210493345486574107065164510629684152535781455474894            
  -807  250252939207846683997717193633059024307014576337549            
  -805  297237702980195944274191565644150983184273617799140            
  -803  352708409666798999864077020653271946539637281061605            
  -801  418136628478276192307060845154155891814748841393363            
  -799  495238408935692537916419828075453670194142685970552            
  -797  586013093553697318395034638396284367617920862442269            
  -795  692788000624643740122917190537470770502877937921370            
  -793  818269819775525338503818073411101340963606496750292            
  -791  965603677265934949351598070321924276738725814416100            
  -789  1138440956854545223237144579515179116651989378040435           
  -787  1341017107213578284601453186718396687488621749563529           
  -785  1578240830234639749893532117051868015822119460605439           
  -783  1855796228272768331475016285302797244018935642123100           
  -781  2180259694775106078650277104698231457004929567317155           
  -779  2559233564443912977521567151092750919927423234755520           
  -777  3001498798973809048399216999344491807039443546731312           
  -775  3517189275664853954656579107018998139124265114513874           
  -773  4117990572361202802367754484366782450911073136620653           
  -771  4817366507075352256105016464314423852100035955681459           
  -769  5630817098600376849117970311850846544501449888008726           
  -767  6576172070087212099908471697953104466577560277131618           
  -765  7673924526140149092464627125644540295040585448905011           
  -763  8947610001141311299205682879298571286301214685171154           
  -761  10424236708489960349097206420801259859222458167181542          
  -759  12134773524075384545659304704430541163362356356614557          
  -757  14114703020089685247726565285513971918784737433904003          
  -755  16404647735438163288315945472030502074059427619703024          
  -753  19051078835501655876030658898381691129467968557473614          
  -751  22107117386664946411272565201131939198143979336438002          
  -749  25633439660571190222610096625334217554797175770537878          
  -747  29699299201195491885882033072433132415960073849351714          
  -745  34383679847309326533665804419001020229612451201467908          
  -743  39776595517629517920641412513766965782330139858915840          
  -741  45980554351038022741928942249677348904141606109124765          
  -739  53112206766172320713664420857083984610071618793689399          
  -737  61304199181295088635241673189780797377328811123829980          
  -735  70707257536060672502046175436517793208701635416243799          
  -733  81492527402652454524733059516703950283209250154477177          
  -731  93854200387579923977108146704239313403096891016847120          
  -729  108012459731896313682747890160195077622964006948139235         
  -727  124216781543448354822744033913591914778743072399090790         
  -725  142749631968882894393763320958246410358522666370294979         
  -723  163930604866705135200133096602017932581930166431886437         
  -721  188121049209370366547769091386288897707209784702535852         
  -719  215729240558484703401898738390077710941417789866559681         
  -717  247216156561780291226338106672505597586706850017786462         
  -715  283101922555685831627459897845556730887734708332659807         
  -713  323973000068269935589354245573453138868245094264009008         
  -711  370490198352690488229142097473321561959726685430739204         
  -709  423397597093201174830977663791298889724052998879097028         
  -707  483532477170186992105394440583960899802842990665575668         
  -705  551836365907561284807152720308158446215022994375897097         
  -703  629367313619319600164985272687907267076017654041578753         
  -701  717313529590732677137808444905866919153177954404148385         
  -699  817008517946897869556694438251266151396038678103975707         
  -697  929947867255434939712778986162360818147568441476763062         
  -695  1057807862264499748407483109478406729712762544951985839        
  -693  1202466101980965007575302559259375722487321206109985991        
  -691  1366024325441294194957572106195077398951080669154549914        
  -689  1550833665120048262851294487634342273422248538087768568        
  -687  1759522568065153123761503069875231114525478640315468998        
  -685  1995027646658645238667835452262242909152223396503169693        
  -683  2260627744497105493670604822055825032959914951828639665        
  -681  2559981528395057615737483623589100489355406410414235493        
  -679  2897168945072375675245292743233889519298321102669608328        
  -677  3276736910836096496178131803881454034071302444161382523        
  -675  3703749634658890798767345372166569563660893527405644408        
  -673  4183844009650067196271057873607329433053859691639040802        
  -671  4723290545178237884917521517165279827622984062863821971        
  -669  5329060352014431733107657160881615856866558157290226668        
  -667  6008898736006434316278860784343869238585516048443956552        
  -665  6771406002164829151711939594919624181842793016832527545        
  -663  7626126120843653266079963992162872557439835314128406528        
  -661  8583643961148722408931678054883824568047737810373371292        
  -659  9655691854029621728135287001875834306776600796632027624        
  -657  10855266308942528557805474566058373626356575228445408827       
  -655  12196755773756383500828811115182275597850520552710544568       
  -653  13696080397971073635458595002481642133086592655879192019       
  -651  15370844834590654827956559399113002748856303522155362694       
  -649  17240505196425530008763716644645339477839347004544911129       
  -647  19326551368474183261114494650133581108923005152995226611       
  -645  21652705969657790460145662467516427604577179225548539838       
  -643  24245141354860990448674369107312370087673895197826093702       
  -641  27132716152291405895276324691409488841683469324204338320       
  -639  30347232941942030109264374638167261317538305812327143251       
  -637  33923718798767836893278786350222719656374710363052357096       
  -635  37900730549424800802459044907411995512004226337708167803       
  -633  42320686724429904037155340915684995218823857014469499090       
  -631  47230228328758357216142061542929505745555377519917940964       
  -629  52680610703582180992334982206220531084049391356691272304       
  -627  58728128910464284073291950287526757575281664484700557354       
  -625  65434579237254232508446498097131013452042550574967624760       
  -623  72867759602593558648082432762361825347352835727732706657       
  -621  81102011823743978309405460738158736166295012385649799013       
  -619  90218808910821421361100774880879489580103388519564885717       
  -617  100307390759877387048193778146360912096313362521066509609      
  -615  111465451838045683315850596211686222630422304316707878698      
  -613  123799884686598593659376353305108435909640716656636806653      
  -611  137427583312664735725147715312584351309808203166825556577      
  -609  152476310797983997959312975137637682519263188338459751691      
  -607  169085635723843923899566522414415801956787687344735536639      
  -605  187407942295684309010412866980898526390579647708957593866      
  -603  207609519349194881314037273749263955021672225108086441023      
  -601  229871733732479815965690964021842106058568770392906515316      
  -599  254392293886428176201169006649052567679132156949328089620      
  -597  281386609788205214588751868117328427140917775951280566039      
  -595  311089255781145751005527492126799606258436999661548489102      
  -593  343755543188650817866815256236840898260389025475070287755      
  -591  379663210000306230679297932153762053515562749915883353600      
  -589  419114235325678135295805178392892406948480559039602190144      
  -587  462436786735391879838022199155385084164813254632926256232      
  -585  509987309050434030635420100408543011958234730770796024799      
  -583  562152763599368145643887116584323925374042316968483384205      
  -581  619353027439522476212684668330818206909449450489193785090      
  -579  682043462532352072769265329937535176552246497456285845755      
  -577  750717665375215436584972331925250323174151523041307407547      
  -575  825910408121806059423783677664433000035419043559581206090      
  -573  908200782771459421470592497532883683642148080323427522480      
  -571  998215560573477710950739796816136613235196820923537410005      
  -569  1096632779376378528082117909584450943057592179502609085848     
  -567  1204185572253415714742974032902900492983362820106359003451     
  -565  1321666251354605705422857381341917599696356884840189177371     
  -563  1449930661571511909004307985047170856094697330613668614775     
  -561  1589902819253803027852878959997738709265952976995925598172     
  -559  1742579851885634108677541919892106834905019090170929987582     
  -557  1909037255314636246130597001936343549433485626406030127120     
  -555  2090434485826081188490873144222757375429444658780837734223     
  -553  2288020905068848418074335650503211581480013515517574471366     
  -551  2503142096567295787814675710699293337350693537022365497783     
  -549  2737246573293039617697881172575800357817040011907909121192     
  -547  2991892896521887887217862301271274437245317907871249790868     
  -545  3268757226962519412564444588393225073792124610094903075883     
  -543  3569641329913612872125294676970008996696579975507999884105     
  -541  3896481056983518674562236140447957107575984077361827140061     
  -539  4251355327689611338641428999557508400838859771430995090183     
  -537  4636495635041393452352103582817435335162007165922779378894     
  -535  5054296100000328347129449319946862851851414453719141536246     
  -533  5507324100498187222339198968149906426822265951178076952502     
  -531  5998331501482178711105007227388768392691578222722375441800     
  -529  6530266513236892766075623338563974777710365653651160040182     
  -527  7106286206007576942154785926815104767652181337495558129671     
  -525  7729769709713741206363851023703075887714158094175026272327     
  -523  8404332128293652223638282306988043234338496883930261869482     
  -521  9133839198955846811988635165086915056744375328083889838344     
  -519  9922422727330103643640642993652902366123323421763597023771     
  -517  10774496830203916317016195787436954895950516146677553184112    
  -515  11694775018197779240721379580846585257168716342119805842793    
  -513  12688288151369714339453795852805932448265391385896506418618    
  -511  13760403301342429168349799566394145388454195106480959163044    
  -509  14916843554111117150446839922403679330182785482799043928334    
  -507  16163708788211814351548741635495538655020628520759493463157    
  -505  17507497463404856376002428744655786849465623756822520310287    
  -503  18955129455450593541441239854662376819690117840803701000599    
  -501  20513969972920203403414229303824612917328223659765103159809    
  -499  22191854592288092684981028919485037295424389171670857986589    
  -497  23997115447788740942489887674751622990030332871718434438715    
  -495  25938608612684476189115586890754476914525031693396306009125    
  -493  28025742708676000206160856416908838049026094671624486875051    
  -491  30268508780188759669004724799503360515967505319676323926088    
  -489  32677511470179607663782374032630017710277954935098930137648    
  -487  35264001533923605433979488270062816572283962311636728204479    
  -485  38039909726954141447055552652653630592656259864087082137655    
  -483  41017882102934549652105872877288873661386793079420320441150    
  -481  44211316756729750145853441920262627754449681875699009699559    
  -479  47634402047315690224115288710289557188208809598067271979587    
  -477  51302156334406042165973362182523867876754258555768916025708    
  -475  55230469261783176393591171519371447613443809713220144736233    
  -473  59436144619287303325364198527183866613612254611897853308250    
  -471  63936944814237280163936663050449140554253559388592402875271    
  -469  68751636981722333864164831765782164895859964924505950153795    
  -467  73900040761709312210827994029282980772218954469642576520811    
  -465  79403077769248547747035424923452130479198271442000329047513    
  -463  85282822782226587847271545434956590080006521351173588292757    
  -461  91562556669099594874605589726279186400366100630505317834520    
  -459  98266821076840968969229849525138570757253232400168615674089    
  -457  105421474896944665948386436062352317580265075823270516955207   
  -455  113053752524735934046540971613273033693889042849386285805876   
  -453  121192323924448152660321620300734123344351127698282821438400   
  -451  129867356509522748962316799106974786000033214687588155222185   
  -449  139110578844373699839919230425199434720809187833008312761332   
  -447  148955346170424116584945606709435091377631620607064698835084   
  -445  159436707755565425644447463584246993220528424540298384636158   
  -443  170591476062305651146497202625019123505601663871555409188943   
  -441  182458297725758643253298834301226399057770315672860090871729   
  -439  195077726328277605288299416419157394222660983104855040419464   
  -437  208492296952951268795921645974773599519664976532850481830843   
  -435  222746602493357395503283758395829075725197520808817817596855   
  -433  237887371691904362069148779178609254497425330724240562330688   
  -431  253963548873786426170883418650193550683760535255122396008296   
  -429  271026375338031542670428381214069383916420989027564541362357   
  -427  289129472361332639156874064249577205213343709075339612027571   
  -425  308328925764325132732131219250324109264843671903703204616480   
  -423  328683371983706992327106265344124733645962056854341600857060   
  -421  350254085587095434027625906549475600489984525219689513211346   
  -419  373105068160779821068860409731163311482859205722339367509749   
  -417  397303138493567830222219448750468276597990084770407854165920   
  -415  422918023972736646202897019761295332594837212212295503366204   
  -413  450022453100698991662785070661758155944916394135475056381108   
  -411  478692249033382292547432409321652734564614319902343654739958   
  -409  509006424033506311633666989836093407814549059662015324455177   
  -407  541047274723939274270235944741106287383591634616865253004049   
  -405  574900478018125026404779440131277165263909088759971782324909   
  -403  610655187596215346326957898202859706902249119651166455583023   
  -401  648404130787024514415443611964419940508264958626343097354993   
  -399  688243705707261081072647647590066165531591499696517813835800   
  -397  730274078500699045550999150712704128621618782689678028910671   
  -395  774599280511043096971995724857072854557017941216960831874431   
  -393  821327305213237059498575098688268829677750546483997411123746   
  -391  870570204718879276177231688234050591044919376976044382897428   
  -389  922444185662262577886230258591309353110519575006935130125523   
  -387  977069704264370100267786792274520004445049645039942005037777   
  -385  1034571560362953081480282946557595107824768312043172130572097  
  -383  1095078990187615601974242396908537105542035723501249961104977  
  -381  1158725757649657862865505827114784232293630966171988291524535  
  -379  1225650243907309017524742875163124656697615260162664921133526  
  -377  1295995534957938853287244172639399925701260413456819398237102  
  -375  1369909506999901928254169565913604277961373249120801557609735  
  -373  1447544909297866312772293363221945339979176352004649354754618  
  -371  1529059444276841090607892592732787604444986696838403825586206  
  -369  1614615844561672438035357567845014534980065656075604026166628  
  -367  1704381946670558543742217887495630179287126926258080234213565  
  -365  1798530761063170857841846673564465879942373549898119371786234  
  -363  1897240538236295982644023954133872012018084702034936758998685  
  -361  2000694830552562516605685421593269807044044163310178712373351  
  -359  2109082549480824601485521434549720015166798761406689706946181  
  -357  2222598017920173683964391483024590155532757723182149356860376  
  -355  2341441017273377509134748306769244764566920082215007882704222  
  -353  2465816828929836492780732341740669280729862605729554323261990  
  -351  2595936269812938618441665083563905385726355074892021735030405  
  -349  2732015721642021394068316894226945877463946472800649441965849  
  -347  2874277153555049877098907327592532665186359896390964271317291  
  -345  3022948137734630103019027268954950162471294394142589456320398  
  -343  3178261857677134161017943676800947526089968197662980661747091  
  -341  3340457108742553231271455660035421071124652511458046080145519  
  -339  3509778290621254444174844531916227039008314946679848656981695  
  -337  3686475391353132365766452898943475856555292129655772032313764  
  -335  3870803962534751663971405622671355993815627307678795135317896  
  -333  4063025085351008831305167097892490855664630862024269964864380  
  -331  4263405327069631718602332276488391035495558515904864469526174  
  -329  4472216687639519145931737881863859150735051519845395349265999  
  -327  4689736536037531024976725862829590620159898318665428891099650  
  -325  4916247536012903084084547686617765951873547162381946790054323  
  -323  5152037560884008931073466660311498901456855840344286016038361  
  -321  5397399597048753839702254876360841921225632479608400127149203  
  -319  5652631635877485700165144290837571715909890831841526911940191  
  -317  5918036553665973659874171588327388622558841418568412859372264  
  -315  6193921979335756811282410979350457581237028614864052985021584  
  -313  6480600149580024511780525564264359320801938431333493836925836  
  -311  6778387751165174995637034561933773655356854162629545153659914  
  -309  7087605750111325961218059759656064024377502631666204172474929  
  -307  7408579207489333401939959222693375800028254059049004781700134  
  -305  7741637081587324083927277171616939743439662402991711671857968  
  -303  8087112016216370983197230897053930762304608797646489665573563  
  -301  8445340114942745013809788411202548303306668156093381805838801  
  -299  8816660701053162819764318144077394731655434931715619657968845  
  -297  9201416063079618440041358470802526465570667762918395259084965  
  -295  9599951185731732202891723964840370346634718535771066277253849  
  -293  10012613466107065809185600743269691993399818108956486827121831 
  -291  10439752415073527301028463324117946102158967944689372051719824 
  -289  10881719343742808989405229835583955273659408216927152290482861 
  -287  11338867034979747286642386019901627196955130034805988230452475 
  -285  11811549399919543874748201057365298340338125675865627807583044 
  -283  12300121119492917053203297449041931626986879601626210718703226 
  -281  12804937270988430898255646354713706863626183884800068458405808 
  -279  13326352939711444563445496601437825197701768417287663629907084 
  -277  13864722815830297236216410130721784534437911426999039995616046 
  -275  14420400776532454533234228455629010479437761003392322516382446 
  -273  14993739453646344063154252245974244331965585455730164852704437 
  -271  15585089786918452102176521704428072985077825047780470567367829 
  -269  16194800563169886411872969833122496290026811551777064460268158 
  -267  16823217941591974804027036770699911114926743717638925369109723 
  -265  17470684965476503808642991734592899599382405345764219401545837 
  -263  18137541060712841524076514760700295570691142171056692327935397 
  -261  18824121521421364390489114779776739585466590267603240381539913 
  -259  19530756983130246447400584913806379969264846052948482171576138 
  -257  20257772883940695172002130673406862444411364784942057272442254 
  -255  21005488914164050253142140728815522981602293484814857025843828 
  -253  21774218454952717210177663960667911513608776053987045256693536 
  -251  22564268006485599892782108342315261872610844319108309282317934 
  -249  23375936606307434726799298774943951230844146579837310202336604 
  -247  24209515238460122249349462595998801312569659263320710396661759 
  -245  25065286234082702347314624805585612943436383369841012010418641 
  -243  25943522664194930410925894334847965741404967523511723094044097 
  -241  26844487725417381670104138723559696580321108436372776555413889 
  -239  27768434119418537446373436250404151006448974536358973389094840 
  -237  28715603426916285132656142368061587999276872018593383956187457 
  -235  29686225477097586914342228317823397968211167675110737587082061 
  -233  30680517713355632637792514271416847742354790228130991355516722 
  -231  31698684556278480722505744827184534167582216776728628929863127 
  -229  32740916764856897625927638587858178432092968230526525136632262 
  -227  33807390796911720545524817879441090234850813711129865118637029 
  -225  34898268169772478941610731115117783097228683427846601832737858 
  -223  36013694822269107281598025150800479748061968090103371115041262 
  -221  37153800479127253695033039546012757113854467428527403075598333 
  -219  38318698018884827231216255857107049751154558136475796815973236 
  -217  39508482846472921396676450362951647974297757202710023808183487 
  -215  40723232271627996258222185502548350630836618015119050555840614 
  -213  41963004894324089988069722147912906913505691868268495534710006 
  -211  43227839998433759731767063430605697466471057015517525377865371 
  -209  44517756954844319955402448868809916268468845144550671085164499 
  -207  45832754635271655617766095395820467585669690179064455642899264 
  -205  47172810838027342398578203869715654491269750821168902386321721 
  -203  48537881727005915075921654492985125268930175305177606536053123 
  -201  49927901285167800116916724859337544045794202319812867270741772 
  -199  51342780783799585961014247242994513808698724469971524578626529 
  -197  52782408268836865220733451714535253382552933806388546389456159 
  -195  54246648065535772877091361194169220967614738932769241608647599 
  -193  55735340302777494508469450392931456697476032092138615250075608 
  -191  57248300458285365215336992322195760557944804841475082194768381 
  -189  58785318926026665609322096701502737974303013124802087006117191 
  -187  60346160607060794616189107586641468657715349346099475034647860 
  -185  61930564525082114956404929593354225701348919126420746302848846 
  -183  63538243467889387817344848170347721431802305105238055366342267 
  -181  65168883655994307231122023261045426875880237505751316052472560 
  -179  66822144439559188094111847703360194314603828686930179521115603 
  -177  68497658024828338172412781544993080839156346964962543667548831 
  -175  70195029231189045100882977548553422994268825592671527101141961 
  -173  71913835279966433470934946706209563582097282600975063681813223 
  -171  73653625616021701856838027918945713184093371699025744120837570 
  -169  75413921763185450521514971654920790858061835226297210690846023 
  -167  77194217214516981397598831322769635681915923288721804416240401 
  -165  78993977358336625049174557216592691506102552948421624589523453 
  -163  80812639440931365523128533666711645628210708736748109578484003 
  -161  82649612566784342741300092692841571791265744828400616565066109 
  -159  84504277737126271449401206296078739765982537652324188532387014 
  -157  86375987927551492455178426039511121363579209328173063916764037 
  -155  88264068205383341311329670621518396715471863513706892101436581 
  -153  90167815887412865661574207128188563013063431531282450919889126 
  -151  92086500738571737608355621820566740268095692108085414467951090 
  -149  94019365212034592517110238727031526413268049153766602510318221 
  -147  95965624731178089755768551513681403335163279883428724396463300 
  -145  97924468013753851203769012370098840526209767535473208611671122 
  -143  99895057438560215104637887784280251823309400105723550499149761 
  -141  101876529454823578846296019139093024475458132864749651153550773
  -139  103867995034424134872347341549451685831190312435999964800373488
  -137  105868540167023176698154754161275337679572109340548552545454392
  -135  107877226398070021378292864748790718229529513486778343709528119
  -133  109893091409586121784246737526227422341903708461120074961605848
  -131  111915149643542293979248642211241877500847506505143541234155478
  -129  113942392967562334963694744957378133867086178598499263601941154
  -127  115973791382602832722416248321363555203752403080740211231558908
  -125  118008293772174857497172636815157934170673989931474213763329903
  -123  120044828692588658805381784769180380681375834084355817807576776
  -121  122082305203617669345968040387796224621052740017866861424063344
  -119  124119613738893230654564712493539346461963287579850916090224072
  -117  126155627015256705433734502832046670600759936572908333399444720
  -115  128189200980211229772836152068720297564242780004458932523040969
  -113  130219175796531488978912632959733291456673107063945520953595152
  -111  132244376863006779017292522319281662471550206454103469098892144
  -109  134263615870210448161053627863878153917570762687843419897271974
  -107  136275691890107807352854482455658505274981229961880216514103489
  -105  138279392498234959819137372340538899816357978448879438375727144
  -103  140273494927102936733063244029780485971280539734210059157008696
  -101  142256767249405240952471208707814925647871950410763340905040698
  -99   144227969589532597885326901837967144556551816845104980472275263
  -97   146185855361826591650434355693407924326457531160118340802880647
  -95   148129172533934123070356160011735779125327360997039708577322220
  -93   150056664913557457096912751333677320473194861163155217824876319
  -91   151967073456830220151498338242712982224504065287959467555998873
  -89   153859137596488246785100846158075961674515000863278762441756299
  -87   155731596587945838769471301856437346953989762402892257412858197
  -85   157583190871332960918132437370177746967653055037790836461010930
  -83   159412663447497322699373076593950551239999554423973033489144827
  -81   161218761265927341996592269577390076477773837923850712550169471
  -79   163000236622507808481285271259351204174344956252356922873781249
  -77   164755848564979802104329273786835760517421663399193880129730485
  -75   166484364303940211635749277186399501151360633834699292804538445
  -73   168184560627184164320383724587711463342148690604565133222662439
  -71   169855225315165936328444616223087550129435617482272174128872530
  -69   171495158555330570543811553742059606184000781430771191695760902
  -67   173103174353049578753152238209969335947258221779141615640349459
  -65   174678101936879834144008849165467753973248941627922940023097879
  -63   176218787155855140790088310947263069819526282211297392662881834
  -61   177724093866515061727824287521830850095116831411473108661955471
  -59   179192905307375446901657352771785531490937081044014650107594952
  -57   180624125458549765393385817162748014568381725488964754773576128
  -55   182016680384239839593875626365910318608693027515263847540920245
  -53   183369519555828916721032026961785908683025614150123027576932865
  -51   184681617153329197360707727857455496941152877316622395916850644
  -49   185951973342959961064893139839538405826166157343351568817895861
  -47   187179615528661262518842069682509678105084263841471469200434971
  -45   188363599575381782878938496009883769930614223580775676255017646
  -43   189503011002017761557296021711450702109688497638701479245394527
  -41   190596966141922943494196577472260952941781676110887062413165923
  -39   191644613268957082954095909719038968885562780622407950279444957
  -37   192645133687092662009441888331778143247143638580777767822012504
  -35   193597742781656012981236190293932520193741944065117410995454445
  -33   194501691030339870175895926144122562366150682333344725807591425
  -31   195356264972189396678524923850252875282531046711725857038360925
  -29   196160788132832804794530222231912419431084844138092070000033084
  -27   196914621904300671032162877870664912866132324303474086881938407
  -25   197617166377854784695412706964335910435257528819507826409413747
  -23   198267861128327699354417643147062826164342309106582916279594552
  -21   198866185948557904981221537218884393924069229636883050239215203
  -19   199411661532592522293296132450884565353596822005673270999768042
  -17   199903850106419447837172097786654262620549398157586893326485741
  -15   200342356005083748171853477208668574352625440539076442884652113
  -13   200726826195138605916228787651492411705192391864419548931079639
  -11   201056950741479043846469027603084124267180065785543859140583747
  -9    201332463217706773394683548187813447515990202733599742577667162
  -7    201553141059276602429106389748368535138612870577552801566465905
  -5    201718805858778660230455351572536073759392449341211075938505865
  -3    201829323602816016427153593840257393300508185867597116273311646
  -1    201884604850043842449716560510271296975959376129652012881253393
  1     201884604850043842449716560510271296975959376129652012881253393
  3     201829323602816016427153593840257393300508185867597116273311646
  5     201718805858778660230455351572536073759392449341211075938505865
  7     201553141059276602429106389748368535138612870577552801566465905
  9     201332463217706773394683548187813447515990202733599742577667162
  11    201056950741479043846469027603084124267180065785543859140583747
  13    200726826195138605916228787651492411705192391864419548931079639
  15    200342356005083748171853477208668574352625440539076442884652113
  17    199903850106419447837172097786654262620549398157586893326485741
  19    199411661532592522293296132450884565353596822005673270999768042
  21    198866185948557904981221537218884393924069229636883050239215203
  23    198267861128327699354417643147062826164342309106582916279594552
  25    197617166377854784695412706964335910435257528819507826409413747
  27    196914621904300671032162877870664912866132324303474086881938407
  29    196160788132832804794530222231912419431084844138092070000033084
  31    195356264972189396678524923850252875282531046711725857038360925
  33    194501691030339870175895926144122562366150682333344725807591425
  35    193597742781656012981236190293932520193741944065117410995454445
  37    192645133687092662009441888331778143247143638580777767822012504
  39    191644613268957082954095909719038968885562780622407950279444957
  41    190596966141922943494196577472260952941781676110887062413165923
  43    189503011002017761557296021711450702109688497638701479245394527
  45    188363599575381782878938496009883769930614223580775676255017646
  47    187179615528661262518842069682509678105084263841471469200434971
  49    185951973342959961064893139839538405826166157343351568817895861
  51    184681617153329197360707727857455496941152877316622395916850644
  53    183369519555828916721032026961785908683025614150123027576932865
  55    182016680384239839593875626365910318608693027515263847540920245
  57    180624125458549765393385817162748014568381725488964754773576128
  59    179192905307375446901657352771785531490937081044014650107594952
  61    177724093866515061727824287521830850095116831411473108661955471
  63    176218787155855140790088310947263069819526282211297392662881834
  65    174678101936879834144008849165467753973248941627922940023097879
  67    173103174353049578753152238209969335947258221779141615640349459
  69    171495158555330570543811553742059606184000781430771191695760902
  71    169855225315165936328444616223087550129435617482272174128872530
  73    168184560627184164320383724587711463342148690604565133222662439
  75    166484364303940211635749277186399501151360633834699292804538445
  77    164755848564979802104329273786835760517421663399193880129730485
  79    163000236622507808481285271259351204174344956252356922873781249
  81    161218761265927341996592269577390076477773837923850712550169471
  83    159412663447497322699373076593950551239999554423973033489144827
  85    157583190871332960918132437370177746967653055037790836461010930
  87    155731596587945838769471301856437346953989762402892257412858197
  89    153859137596488246785100846158075961674515000863278762441756299
  91    151967073456830220151498338242712982224504065287959467555998873
  93    150056664913557457096912751333677320473194861163155217824876319
  95    148129172533934123070356160011735779125327360997039708577322220
  97    146185855361826591650434355693407924326457531160118340802880647
  99    144227969589532597885326901837967144556551816845104980472275263
  101   142256767249405240952471208707814925647871950410763340905040698
  103   140273494927102936733063244029780485971280539734210059157008696
  105   138279392498234959819137372340538899816357978448879438375727144
  107   136275691890107807352854482455658505274981229961880216514103489
  109   134263615870210448161053627863878153917570762687843419897271974
  111   132244376863006779017292522319281662471550206454103469098892144
  113   130219175796531488978912632959733291456673107063945520953595152
  115   128189200980211229772836152068720297564242780004458932523040969
  117   126155627015256705433734502832046670600759936572908333399444720
  119   124119613738893230654564712493539346461963287579850916090224072
  121   122082305203617669345968040387796224621052740017866861424063344
  123   120044828692588658805381784769180380681375834084355817807576776
  125   118008293772174857497172636815157934170673989931474213763329903
  127   115973791382602832722416248321363555203752403080740211231558908
  129   113942392967562334963694744957378133867086178598499263601941154
  131   111915149643542293979248642211241877500847506505143541234155478
  133   109893091409586121784246737526227422341903708461120074961605848
  135   107877226398070021378292864748790718229529513486778343709528119
  137   105868540167023176698154754161275337679572109340548552545454392
  139   103867995034424134872347341549451685831190312435999964800373488
  141   101876529454823578846296019139093024475458132864749651153550773
  143   99895057438560215104637887784280251823309400105723550499149761 
  145   97924468013753851203769012370098840526209767535473208611671122 
  147   95965624731178089755768551513681403335163279883428724396463300 
  149   94019365212034592517110238727031526413268049153766602510318221 
  151   92086500738571737608355621820566740268095692108085414467951090 
  153   90167815887412865661574207128188563013063431531282450919889126 
  155   88264068205383341311329670621518396715471863513706892101436581 
  157   86375987927551492455178426039511121363579209328173063916764037 
  159   84504277737126271449401206296078739765982537652324188532387014 
  161   82649612566784342741300092692841571791265744828400616565066109 
  163   80812639440931365523128533666711645628210708736748109578484003 
  165   78993977358336625049174557216592691506102552948421624589523453 
  167   77194217214516981397598831322769635681915923288721804416240401 
  169   75413921763185450521514971654920790858061835226297210690846023 
  171   73653625616021701856838027918945713184093371699025744120837570 
  173   71913835279966433470934946706209563582097282600975063681813223 
  175   70195029231189045100882977548553422994268825592671527101141961 
  177   68497658024828338172412781544993080839156346964962543667548831 
  179   66822144439559188094111847703360194314603828686930179521115603 
  181   65168883655994307231122023261045426875880237505751316052472560 
  183   63538243467889387817344848170347721431802305105238055366342267 
  185   61930564525082114956404929593354225701348919126420746302848846 
  187   60346160607060794616189107586641468657715349346099475034647860 
  189   58785318926026665609322096701502737974303013124802087006117191 
  191   57248300458285365215336992322195760557944804841475082194768381 
  193   55735340302777494508469450392931456697476032092138615250075608 
  195   54246648065535772877091361194169220967614738932769241608647599 
  197   52782408268836865220733451714535253382552933806388546389456159 
  199   51342780783799585961014247242994513808698724469971524578626529 
  201   49927901285167800116916724859337544045794202319812867270741772 
  203   48537881727005915075921654492985125268930175305177606536053123 
  205   47172810838027342398578203869715654491269750821168902386321721 
  207   45832754635271655617766095395820467585669690179064455642899264 
  209   44517756954844319955402448868809916268468845144550671085164499 
  211   43227839998433759731767063430605697466471057015517525377865371 
  213   41963004894324089988069722147912906913505691868268495534710006 
  215   40723232271627996258222185502548350630836618015119050555840614 
  217   39508482846472921396676450362951647974297757202710023808183487 
  219   38318698018884827231216255857107049751154558136475796815973236 
  221   37153800479127253695033039546012757113854467428527403075598333 
  223   36013694822269107281598025150800479748061968090103371115041262 
  225   34898268169772478941610731115117783097228683427846601832737858 
  227   33807390796911720545524817879441090234850813711129865118637029 
  229   32740916764856897625927638587858178432092968230526525136632262 
  231   31698684556278480722505744827184534167582216776728628929863127 
  233   30680517713355632637792514271416847742354790228130991355516722 
  235   29686225477097586914342228317823397968211167675110737587082061 
  237   28715603426916285132656142368061587999276872018593383956187457 
  239   27768434119418537446373436250404151006448974536358973389094840 
  241   26844487725417381670104138723559696580321108436372776555413889 
  243   25943522664194930410925894334847965741404967523511723094044097 
  245   25065286234082702347314624805585612943436383369841012010418641 
  247   24209515238460122249349462595998801312569659263320710396661759 
  249   23375936606307434726799298774943951230844146579837310202336604 
  251   22564268006485599892782108342315261872610844319108309282317934 
  253   21774218454952717210177663960667911513608776053987045256693536 
  255   21005488914164050253142140728815522981602293484814857025843828 
  257   20257772883940695172002130673406862444411364784942057272442254 
  259   19530756983130246447400584913806379969264846052948482171576138 
  261   18824121521421364390489114779776739585466590267603240381539913 
  263   18137541060712841524076514760700295570691142171056692327935397 
  265   17470684965476503808642991734592899599382405345764219401545837 
  267   16823217941591974804027036770699911114926743717638925369109723 
  269   16194800563169886411872969833122496290026811551777064460268158 
  271   15585089786918452102176521704428072985077825047780470567367829 
  273   14993739453646344063154252245974244331965585455730164852704437 
  275   14420400776532454533234228455629010479437761003392322516382446 
  277   13864722815830297236216410130721784534437911426999039995616046 
  279   13326352939711444563445496601437825197701768417287663629907084 
  281   12804937270988430898255646354713706863626183884800068458405808 
  283   12300121119492917053203297449041931626986879601626210718703226 
  285   11811549399919543874748201057365298340338125675865627807583044 
  287   11338867034979747286642386019901627196955130034805988230452475 
  289   10881719343742808989405229835583955273659408216927152290482861 
  291   10439752415073527301028463324117946102158967944689372051719824 
  293   10012613466107065809185600743269691993399818108956486827121831 
  295   9599951185731732202891723964840370346634718535771066277253849  
  297   9201416063079618440041358470802526465570667762918395259084965  
  299   8816660701053162819764318144077394731655434931715619657968845  
  301   8445340114942745013809788411202548303306668156093381805838801  
  303   8087112016216370983197230897053930762304608797646489665573563  
  305   7741637081587324083927277171616939743439662402991711671857968  
  307   7408579207489333401939959222693375800028254059049004781700134  
  309   7087605750111325961218059759656064024377502631666204172474929  
  311   6778387751165174995637034561933773655356854162629545153659914  
  313   6480600149580024511780525564264359320801938431333493836925836  
  315   6193921979335756811282410979350457581237028614864052985021584  
  317   5918036553665973659874171588327388622558841418568412859372264  
  319   5652631635877485700165144290837571715909890831841526911940191  
  321   5397399597048753839702254876360841921225632479608400127149203  
  323   5152037560884008931073466660311498901456855840344286016038361  
  325   4916247536012903084084547686617765951873547162381946790054323  
  327   4689736536037531024976725862829590620159898318665428891099650  
  329   4472216687639519145931737881863859150735051519845395349265999  
  331   4263405327069631718602332276488391035495558515904864469526174  
  333   4063025085351008831305167097892490855664630862024269964864380  
  335   3870803962534751663971405622671355993815627307678795135317896  
  337   3686475391353132365766452898943475856555292129655772032313764  
  339   3509778290621254444174844531916227039008314946679848656981695  
  341   3340457108742553231271455660035421071124652511458046080145519  
  343   3178261857677134161017943676800947526089968197662980661747091  
  345   3022948137734630103019027268954950162471294394142589456320398  
  347   2874277153555049877098907327592532665186359896390964271317291  
  349   2732015721642021394068316894226945877463946472800649441965849  
  351   2595936269812938618441665083563905385726355074892021735030405  
  353   2465816828929836492780732341740669280729862605729554323261990  
  355   2341441017273377509134748306769244764566920082215007882704222  
  357   2222598017920173683964391483024590155532757723182149356860376  
  359   2109082549480824601485521434549720015166798761406689706946181  
  361   2000694830552562516605685421593269807044044163310178712373351  
  363   1897240538236295982644023954133872012018084702034936758998685  
  365   1798530761063170857841846673564465879942373549898119371786234  
  367   1704381946670558543742217887495630179287126926258080234213565  
  369   1614615844561672438035357567845014534980065656075604026166628  
  371   1529059444276841090607892592732787604444986696838403825586206  
  373   1447544909297866312772293363221945339979176352004649354754618  
  375   1369909506999901928254169565913604277961373249120801557609735  
  377   1295995534957938853287244172639399925701260413456819398237102  
  379   1225650243907309017524742875163124656697615260162664921133526  
  381   1158725757649657862865505827114784232293630966171988291524535  
  383   1095078990187615601974242396908537105542035723501249961104977  
  385   1034571560362953081480282946557595107824768312043172130572097  
  387   977069704264370100267786792274520004445049645039942005037777   
  389   922444185662262577886230258591309353110519575006935130125523   
  391   870570204718879276177231688234050591044919376976044382897428   
  393   821327305213237059498575098688268829677750546483997411123746   
  395   774599280511043096971995724857072854557017941216960831874431   
  397   730274078500699045550999150712704128621618782689678028910671   
  399   688243705707261081072647647590066165531591499696517813835800   
  401   648404130787024514415443611964419940508264958626343097354993   
  403   610655187596215346326957898202859706902249119651166455583023   
  405   574900478018125026404779440131277165263909088759971782324909   
  407   541047274723939274270235944741106287383591634616865253004049   
  409   509006424033506311633666989836093407814549059662015324455177   
  411   478692249033382292547432409321652734564614319902343654739958   
  413   450022453100698991662785070661758155944916394135475056381108   
  415   422918023972736646202897019761295332594837212212295503366204   
  417   397303138493567830222219448750468276597990084770407854165920   
  419   373105068160779821068860409731163311482859205722339367509749   
  421   350254085587095434027625906549475600489984525219689513211346   
  423   328683371983706992327106265344124733645962056854341600857060   
  425   308328925764325132732131219250324109264843671903703204616480   
  427   289129472361332639156874064249577205213343709075339612027571   
  429   271026375338031542670428381214069383916420989027564541362357   
  431   253963548873786426170883418650193550683760535255122396008296   
  433   237887371691904362069148779178609254497425330724240562330688   
  435   222746602493357395503283758395829075725197520808817817596855   
  437   208492296952951268795921645974773599519664976532850481830843   
  439   195077726328277605288299416419157394222660983104855040419464   
  441   182458297725758643253298834301226399057770315672860090871729   
  443   170591476062305651146497202625019123505601663871555409188943   
  445   159436707755565425644447463584246993220528424540298384636158   
  447   148955346170424116584945606709435091377631620607064698835084   
  449   139110578844373699839919230425199434720809187833008312761332   
  451   129867356509522748962316799106974786000033214687588155222185   
  453   121192323924448152660321620300734123344351127698282821438400   
  455   113053752524735934046540971613273033693889042849386285805876   
  457   105421474896944665948386436062352317580265075823270516955207   
  459   98266821076840968969229849525138570757253232400168615674089    
  461   91562556669099594874605589726279186400366100630505317834520    
  463   85282822782226587847271545434956590080006521351173588292757    
  465   79403077769248547747035424923452130479198271442000329047513    
  467   73900040761709312210827994029282980772218954469642576520811    
  469   68751636981722333864164831765782164895859964924505950153795    
  471   63936944814237280163936663050449140554253559388592402875271    
  473   59436144619287303325364198527183866613612254611897853308250    
  475   55230469261783176393591171519371447613443809713220144736233    
  477   51302156334406042165973362182523867876754258555768916025708    
  479   47634402047315690224115288710289557188208809598067271979587    
  481   44211316756729750145853441920262627754449681875699009699559    
  483   41017882102934549652105872877288873661386793079420320441150    
  485   38039909726954141447055552652653630592656259864087082137655    
  487   35264001533923605433979488270062816572283962311636728204479    
  489   32677511470179607663782374032630017710277954935098930137648    
  491   30268508780188759669004724799503360515967505319676323926088    
  493   28025742708676000206160856416908838049026094671624486875051    
  495   25938608612684476189115586890754476914525031693396306009125    
  497   23997115447788740942489887674751622990030332871718434438715    
  499   22191854592288092684981028919485037295424389171670857986589    
  501   20513969972920203403414229303824612917328223659765103159809    
  503   18955129455450593541441239854662376819690117840803701000599    
  505   17507497463404856376002428744655786849465623756822520310287    
  507   16163708788211814351548741635495538655020628520759493463157    
  509   14916843554111117150446839922403679330182785482799043928334    
  511   13760403301342429168349799566394145388454195106480959163044    
  513   12688288151369714339453795852805932448265391385896506418618    
  515   11694775018197779240721379580846585257168716342119805842793    
  517   10774496830203916317016195787436954895950516146677553184112    
  519   9922422727330103643640642993652902366123323421763597023771     
  521   9133839198955846811988635165086915056744375328083889838344     
  523   8404332128293652223638282306988043234338496883930261869482     
  525   7729769709713741206363851023703075887714158094175026272327     
  527   7106286206007576942154785926815104767652181337495558129671     
  529   6530266513236892766075623338563974777710365653651160040182     
  531   5998331501482178711105007227388768392691578222722375441800     
  533   5507324100498187222339198968149906426822265951178076952502     
  535   5054296100000328347129449319946862851851414453719141536246     
  537   4636495635041393452352103582817435335162007165922779378894     
  539   4251355327689611338641428999557508400838859771430995090183     
  541   3896481056983518674562236140447957107575984077361827140061     
  543   3569641329913612872125294676970008996696579975507999884105     
  545   3268757226962519412564444588393225073792124610094903075883     
  547   2991892896521887887217862301271274437245317907871249790868     
  549   2737246573293039617697881172575800357817040011907909121192     
  551   2503142096567295787814675710699293337350693537022365497783     
  553   2288020905068848418074335650503211581480013515517574471366     
  555   2090434485826081188490873144222757375429444658780837734223     
  557   1909037255314636246130597001936343549433485626406030127120     
  559   1742579851885634108677541919892106834905019090170929987582     
  561   1589902819253803027852878959997738709265952976995925598172     
  563   1449930661571511909004307985047170856094697330613668614775     
  565   1321666251354605705422857381341917599696356884840189177371     
  567   1204185572253415714742974032902900492983362820106359003451     
  569   1096632779376378528082117909584450943057592179502609085848     
  571   998215560573477710950739796816136613235196820923537410005      
  573   908200782771459421470592497532883683642148080323427522480      
  575   825910408121806059423783677664433000035419043559581206090      
  577   750717665375215436584972331925250323174151523041307407547      
  579   682043462532352072769265329937535176552246497456285845755      
  581   619353027439522476212684668330818206909449450489193785090      
  583   562152763599368145643887116584323925374042316968483384205      
  585   509987309050434030635420100408543011958234730770796024799      
  587   462436786735391879838022199155385084164813254632926256232      
  589   419114235325678135295805178392892406948480559039602190144      
  591   379663210000306230679297932153762053515562749915883353600      
  593   343755543188650817866815256236840898260389025475070287755      
  595   311089255781145751005527492126799606258436999661548489102      
  597   281386609788205214588751868117328427140917775951280566039      
  599   254392293886428176201169006649052567679132156949328089620      
  601   229871733732479815965690964021842106058568770392906515316      
  603   207609519349194881314037273749263955021672225108086441023      
  605   187407942295684309010412866980898526390579647708957593866      
  607   169085635723843923899566522414415801956787687344735536639      
  609   152476310797983997959312975137637682519263188338459751691      
  611   137427583312664735725147715312584351309808203166825556577      
  613   123799884686598593659376353305108435909640716656636806653      
  615   111465451838045683315850596211686222630422304316707878698      
  617   100307390759877387048193778146360912096313362521066509609      
  619   90218808910821421361100774880879489580103388519564885717       
  621   81102011823743978309405460738158736166295012385649799013       
  623   72867759602593558648082432762361825347352835727732706657       
  625   65434579237254232508446498097131013452042550574967624760       
  627   58728128910464284073291950287526757575281664484700557354       
  629   52680610703582180992334982206220531084049391356691272304       
  631   47230228328758357216142061542929505745555377519917940964       
  633   42320686724429904037155340915684995218823857014469499090       
  635   37900730549424800802459044907411995512004226337708167803       
  637   33923718798767836893278786350222719656374710363052357096       
  639   30347232941942030109264374638167261317538305812327143251       
  641   27132716152291405895276324691409488841683469324204338320       
  643   24245141354860990448674369107312370087673895197826093702       
  645   21652705969657790460145662467516427604577179225548539838       
  647   19326551368474183261114494650133581108923005152995226611       
  649   17240505196425530008763716644645339477839347004544911129       
  651   15370844834590654827956559399113002748856303522155362694       
  653   13696080397971073635458595002481642133086592655879192019       
  655   12196755773756383500828811115182275597850520552710544568       
  657   10855266308942528557805474566058373626356575228445408827       
  659   9655691854029621728135287001875834306776600796632027624        
  661   8583643961148722408931678054883824568047737810373371292        
  663   7626126120843653266079963992162872557439835314128406528        
  665   6771406002164829151711939594919624181842793016832527545        
  667   6008898736006434316278860784343869238585516048443956552        
  669   5329060352014431733107657160881615856866558157290226668        
  671   4723290545178237884917521517165279827622984062863821971        
  673   4183844009650067196271057873607329433053859691639040802        
  675   3703749634658890798767345372166569563660893527405644408        
  677   3276736910836096496178131803881454034071302444161382523        
  679   2897168945072375675245292743233889519298321102669608328        
  681   2559981528395057615737483623589100489355406410414235493        
  683   2260627744497105493670604822055825032959914951828639665        
  685   1995027646658645238667835452262242909152223396503169693        
  687   1759522568065153123761503069875231114525478640315468998        
  689   1550833665120048262851294487634342273422248538087768568        
  691   1366024325441294194957572106195077398951080669154549914        
  693   1202466101980965007575302559259375722487321206109985991        
  695   1057807862264499748407483109478406729712762544951985839        
  697   929947867255434939712778986162360818147568441476763062         
  699   817008517946897869556694438251266151396038678103975707         
  701   717313529590732677137808444905866919153177954404148385         
  703   629367313619319600164985272687907267076017654041578753         
  705   551836365907561284807152720308158446215022994375897097         
  707   483532477170186992105394440583960899802842990665575668         
  709   423397597093201174830977663791298889724052998879097028         
  711   370490198352690488229142097473321561959726685430739204         
  713   323973000068269935589354245573453138868245094264009008         
  715   283101922555685831627459897845556730887734708332659807         
  717   247216156561780291226338106672505597586706850017786462         
  719   215729240558484703401898738390077710941417789866559681         
  721   188121049209370366547769091386288897707209784702535852         
  723   163930604866705135200133096602017932581930166431886437         
  725   142749631968882894393763320958246410358522666370294979         
  727   124216781543448354822744033913591914778743072399090790         
  729   108012459731896313682747890160195077622964006948139235         
  731   93854200387579923977108146704239313403096891016847120          
  733   81492527402652454524733059516703950283209250154477177          
  735   70707257536060672502046175436517793208701635416243799          
  737   61304199181295088635241673189780797377328811123829980          
  739   53112206766172320713664420857083984610071618793689399          
  741   45980554351038022741928942249677348904141606109124765          
  743   39776595517629517920641412513766965782330139858915840          
  745   34383679847309326533665804419001020229612451201467908          
  747   29699299201195491885882033072433132415960073849351714          
  749   25633439660571190222610096625334217554797175770537878          
  751   22107117386664946411272565201131939198143979336438002          
  753   19051078835501655876030658898381691129467968557473614          
  755   16404647735438163288315945472030502074059427619703024          
  757   14114703020089685247726565285513971918784737433904003          
  759   12134773524075384545659304704430541163362356356614557          
  761   10424236708489960349097206420801259859222458167181542          
  763   8947610001141311299205682879298571286301214685171154           
  765   7673924526140149092464627125644540295040585448905011           
  767   6576172070087212099908471697953104466577560277131618           
  769   5630817098600376849117970311850846544501449888008726           
  771   4817366507075352256105016464314423852100035955681459           
 773   4117990572361202802367754484366782450911073136620653           
 775   3517189275664853954656579107018998139124265114513874           
 777   3001498798973809048399216999344491807039443546731312           
 779   2559233564443912977521567151092750919927423234755520           
 781   2180259694775106078650277104698231457004929567317155           
 783   1855796228272768331475016285302797244018935642123100           
 785   1578240830234639749893532117051868015822119460605439           
 787   1341017107213578284601453186718396687488621749563529           
 789   1138440956854545223237144579515179116651989378040435           
 791   965603677265934949351598070321924276738725814416100            
 793   818269819775525338503818073411101340963606496750292            
 795   692788000624643740122917190537470770502877937921370            
 797   586013093553697318395034638396284367617920862442269            
 799   495238408935692537916419828075453670194142685970552            
 801   418136628478276192307060845154155891814748841393363            
 803   352708409666798999864077020653271946539637281061605            
 805   297237702980195944274191565644150983184273617799140            
 807   250252939207846683997717193633059024307014576337549            
 809   210493345486574107065164510629684152535781455474894            
 811   176879738363783921966749636164801628277131248485308            
 813   148489221534889349183033404130019259043949961391534            
 815   124533286031585753049764573006370305282613275691851            
 817   104338872566935702307771601655661954554142644152336            
 819   87332010383124121346210362914195161410129092074098             
 821   73023695112656390110215184734490979757517995083850             
 823   60997710582443077133506060573812997299039432523803             
 825   50900136814044963975394178041426543149753019050410             
 827   42430319284064915425479335090331469203216629126000             
 829   35333103325280437228776171214606287772580983482277             
 831   29392162834235404233496147706983225728470690910020             
 833   24424274616621297991964943862427937252136077332871             
 835   20274409114390562608707469139012417881789713008211             
 837   16811525243917204418594296129566343535642658572766             
 839   13924971921911579732345819508207300922526468706799             
 841   11521411821806825154331705309482404256615396861350             
 843   9522194215369189704451293673057511947156320921393              
 845   7861113613679511668679209705805618186589679419198              
 847   6482499506467463702906042352888527280429155577984              
 849   5339589966406885605755378785305987079350558386748              
 851   4393148374299871946566049755454201820546205355337              
 853   3610288154578000323779104834915876860569196251015              
 855   2963475296138391922201504523511088283999305054020              
 857   2429682666175224523522575930012864608560231618691              
 859   1989673787853589756545376465177552731894971719362              
 861   1627396919727768332070276638185869355187542308961              
 863   1329473010062238805437322798351797304758472615822              
 865   1084763459054000327661892006879770150383930322595              
 867   884005655743250797421596971448803148143994761868               
 869   719506007309576491785648619778105287082575471700               
 871   584881684201527931068311275324922644050580560751               
 873   474843598057041363177983602618437672344772481304               
 875   385014239338203685956618764514730262147391234286               
 877   311774953017238828370377072104731141900271001983               
 879   252138045250452889172274196240274790618473354082               
 881   203639810652854764790605585106935907492310904274               
 883   164251164933678354897300047542834973127659596613               
 885   132303075486661395208137564335136393011376467888               
 887   106424415358629286267803605612334450962967377361               
 889   85490234494075559106764187503684794650826624925                
 891   68578755472565879823319997615263361701660973090                
 893   54935667060295426697910252856085603469810562378                
 895   43944514631829244779385732106999401919653842553                
 897   35102177776460883317729749610256637791205670730                
 899   27998587254135946297333463301020403206214571784                
 901   22299970262108903844389800968374639910931611366                
 903   17735028450548783852481257038748562838172025019                
 905   14083550483781940287923568309423253531533107986                
 907   11167042922975660107336562700435920140110468327                
 909   8841032147274884471130040698758336807288094521                 
 911   6988747932654375003972101922365778173938382345                 
 913   5515947875441897543287972105671208699625063877                 
 915   4346682532017090114538352493041732829860814600                 
 917   3419835181988747523931576548072583749396086358                 
 919   2686298557666824473955316925959252509480051839                 
 921   2106674607257743925288676275276542741030988645                 
 923   1649403126367040284634532686658609820922702403                 
 925   1289241539527203088262337929653864522753255846                 
 927   1006031779145525373631235981007522996093427266                 
 929   783701547900141246280936709340052007740534832                  
 931   609456645088585164167454067481476787328327219                  
 933   473128809924560443103794308152115077490552951                  
 935   366649955992911950178731869643118423867456235                  
 937   283628968153736069046584952032084658052326671                  
 939   219011596453104487755346085006298367211699666                  
 941   168807570285071666795818239760896001961183364                  
 943   129872003191858296906623885994681897997398923                  
 945   99730575268011759149680864294083748654748592                   
 947   76439958597166574241469876203085508965295855                   
 949   58476568389459125541951282853763045959088818                   
 951   44648042362059882013001368592178618377351323                   
 953   34022926366987616287173752877143702380245815                   
 955   25874919160238761175225822164115992349562050                   
 957   19638739764718967989803788675310924292491970                   
 959   14875257016704206198336902861271429153906607                   
 961   11243987247781672056389778570241365212162151                   
 963   8481442917181253036391871769932079408529885                    
 965   6384119026114120394321321120912458341403102                    
 967   4795148971090482588789025234316496101718722                    
 969   3593858305000152459038594079472219999618777                    
 971   2687602807573533784527459301301321524103464                    
 973   2005403772715937183613808557658586913308632                    
 975   1492994567965961323581517051709461618979784                    
 977   1108973244686638536512874345005886882482681                    
 979   821820280336335443592075838742142640662666                     
 981   607591659562518590417312194026111957633988                     
 983   448138071359660044080737298655875430398194                     
 985   329733131674286896607609428272698914301392                     
 987   242018939669554309472082610195488531080841                     
 989   177197312331231017734125326018818330545721                     
 991   129410816419266838876092788839616666968953                     
 993   94270110170605216343492601460842885225022                      
 995   68493824079710941357060263252347961245394                      
 997   49634812521744616048719568549918843694532                      
 999   35872543393962257413413083416153874523073                      
 1001  25856016861862830412371359168771556746385                      
 1003  18585198609826742496565430023863316296715                      
 1005  13321740765039817222833025584006102363182                      
 1007  9521921002612944721148353986399163790016                       
 1009  6786396001603982552150814846542271016840                       
 1011  4822648483876028153038987131399549427184                       
 1013  3416993089437982603178361280320169540206                       
 1015  2413762283317737161399509550315284338068                       
 1017  1699871634807479151178600133453608222704                       
 1019  1193404891070187788905727641411249895379                       
 1021  835194939369939083590597796435351289011                        
 1023  582631559474403940875071964290796050169                        
 1025  405119793783203844856398084777768325735                        
 1027  280758454502054741305552596919327521859                        
 1029  193918017560348628020729523468892861334                        
 1031  133479575938586613027266088542908126966                        
 1033  91558267055414859048322835800122332622                         
 1035  62580710510801259657125488218996518210                         
 1037  42620348388935482696306314579799080602                         
 1039  28920098545414610097611823553719291127                         
 1041  19550629971013017385832592502710259148                         
 1043  13166524095827758565627182671418581532                         
 1045  8832859041739573702934195137039554833                          
 1047  5902293476898352081093087938985102265                          
 1049  3928242959038004068505102519107700140                          
 1051  2603764700147749065672877249383314423                          
 1053  1718691268111959119148045949935749437                          
 1055  1129672808864151180603189726767114555                          
 1057  739317657571347983597205023523845738                           
 1059  481722544160004142995725271740133838                           
 1061  312473479252124926809293244626658212                           
 1063  201762912950166337466254468826921636                           
 1065  129670747447370653124273568491872633                           
 1067  82941995759933466510001489248611084                            
 1069  52795482348413124208651802669345609                            
 1071  33439944801733083618330501039805896                            
 1073  21073475280317806255996255066883633                            
 1075  13211814259365501549574717305627399                            
 1077  8239423048040758001996875437489845                             
 1079  5110812772951844606289422030329670                             
 1081  3152761377804426764903736292766742                             
 1083  1933960511784514308705675188799029                             
 1085  1179519374580419352009222405604063                             
 1087  715166639689324602977702365971634                              
 1089  431018434482640522268630535367334                              
 1091  258172827820893248024984528876809                              
 1093  153669893503714713997950456107389                              
 1095  90879476713396766190520317247070                               
 1097  53391781138671303979830048577305                               
 1099  31156225257025572481576689062155                               
 1101  18055300078551822672168050192848                               
 1103  10389122224191156573747623233821                               
 1105  5934568458101038035618302324069                                
 1107  3364761959774309552253082632116                                
 1109  1893171480678574519478938964166                                
 1111  1056836982054403589195769503289                                
 1113  585216913897578556972226970015                                 
 1115  321381642710306178567870653642                                 
 1117  174993133714326198656171268824                                 
 1119  94452351155538442814818180599                                  
 1121  50522849249173893934570172987                                  
 1123  26775203528727895045716694076                                  
 1125  14054940261725877906519618133                                  
 1127  7305540795165551032260390875                                   
 1129  3759004600672490633973534675                                   
 1131  1914053901283136939812345677                                   
 1133  964169265610190012430616495                                    
 1135  480308246071978056310941635                                    
 1137  236535643610302779472830575                                    
 1139  115111009829170445847101575                                    
 1141  55335768929919204719562765                                     
 1143  26265123856573817288514685                                     
 1145  12303898981114333890105262                                     
 1147  5685782156115987359766675                                      
 1149  2590623354048190756036875                                      
 1151  1163200259215238728247533                                      
 1153  514394637101620054576440                                       
 1155  223908451777403938601329                                       
 1157  95873923956386586171050                                        
 1159  40354528841127859814450                                        
 1161  16685218050180984913862                                        
 1163  6771482212402116971980                                         
 1165  2695184364196651939312                                         
 1167  1051139845555864709975                                         
 1169  401314828560027193400                                          
 1171  149835885434433977353                                          
 1173  54647440907375394149                                           
 1175  19445746729033790837                                           
 1177  6742373842172804850                                            
 1179  2274660288878580575                                            
 1181  745522498046978176                                             
 1183  236976614206190760                                             
 1185  72918305167025625                                              
 1187  21674768004654575                                              
 1189  6209561094078775                                               
 1191  1710182996663175                                               
 1193  451493020193130                                                
 1195  113887933772724                                                
 1197  27347806169775                                                 
 1199  6225203548375                                                  
 1201  1336765568579                                                  
 1203  269252177545                                                   
 1205  50530255490                                                    
 1207  8764839175                                                     
 1209  1391526550                                                     
 1211  199766491                                                      
 1213  25534390                                                       
 1215  2847586                                                        
 1217  269450                                                         
 1219  20775                                                          
 1221  1224                                                           
 1223  49                                                             
 1225  1                                           