	-253 1                    
   -251 22                   
   -249 252                  
   -247 2001                 
   -245 12374                
  -243 63481                
   -241 281083               
   -239 1103587              
   -237 3917728              
  -235 12761596             
  -233 38582270             
  -231 109256095            
  -229 291946589            
  -227 740676682            
  -225 1793325939           
  -223 4161927624           
  -221 9293159292           
  -219 20029728894          
  -217 41788665040          
  -215 84604366100          
  -213 166583279325         
  -211 319610939055         
  -209 598577118991         
  -207 1095987764828        
  -205 1964672060602        
  -203 3452442237979        
  -201 5954110806838        
  -199 10088319672671       
  -197 16809310359872       
  -195 27567203818495       
  -193 44534717865715       
  -191 70923700061094       
  -189 111421573980576      
  -187 172785972738223      
  -185 264645648380556      
  -183 400567371311559      
  -181 599462119501576      
  -179 887419516323074      
  -177 1300077270753107     
  -175 1885652298640063     
  -173 2708782166702259     
  -171 3855349304544439     
  -169 5438485752475258     
  -167 7605982589781400     
  -165 10549354995548345    
  -163 14514840335268010    
  -161 19816631761796616    
  -159 26852672402129595    
  -157 36123353920523404    
  -155 48253476577476080    
  -153 64017834160813131    
  -151 84370784540220042    
  -149 110480153192565700   
  -147 143765790926740923   
  -145 185943066290621570   
  -143 239071515949945291   
  -141 305608801044073603   
  -139 388470022763408388   
  -137 491092335129779110   
  -135 617504656618698267   
  -133 772402124813915908   
  -131 961224760344477938   
  -129 1190239609263170822  
  -127 1466625418922876093  
  -125 1798558674290067296  
  -123 2195299583390531301  
  -121 2667276357002447238  
  -119 3226165884472613789  
  -117 3884968671145109574  
  -115 4658075680622254181  
  -113 5561324524822129989  
  -111 6612042274928680648  
  -109 7829072035509119900  
  -107 9232780341021076752  
  -105 10845042407180257272 
  -103 12689202307273124341 
  -101 14790005252781922716 
  -99  17173499344880666539 
  -97  19866904433331641851 
  -95  22898446075271350618 
  -93  26297153029595035502 
  -91  30092617252223140769 
  -89  34314715970174447987 
  -87  38993296102264137669 
  -85  44157822052961440643 
  -83  49836988722422046942 
  -81  56058302436328594189 
  -79  62847633387878277320 
  -77  70228744082804564204 
  -75  78222799166582084145 
  -73  86847862869322740056 
  -71  96118391105689270588 
  -69  106044725991306585985
  -67  116632601160621859951
  -65  127882666771665895298
  -63  139790043439802225638
  -61  152343914536464446060
  -59  165527166303914798648
  -57  179316085060347004329
 -55  193680120392197538551
 -53  208581722647649608834
 -51  223976262257059179201
 -49  239812037417441027672
 -47  256030375499404601357
 -45  272565832181357670953
 -43  289346490807757039067
 -41  306294362830782906110
 -39  323325888457475053842
 -37  340352534820287626403
 -35  357281487154464074505
 -33  374016426639148386410
 -31  390458386780655237565
 -29  406506678526153441714
 -27  422059872733905157460
 -25  437016827230245273182
 -23  451277744489125438389
 -21  464745245009097459496
 -19  477325440762343343714
 -17  488928992672697015721
 -15  499472135960434484584
 -13  508877657380252040180
 -11  517075808877678910112
 -9   524005142993417864986
 -7   529613256442869151081
 -5   533857429670509562785
 -3   536705151800429544035
 -1   538134522243713149122
 1    538134522243713149122
 3    536705151800429544035
 5    533857429670509562785
 7    529613256442869151081
 9    524005142993417864986
 11   517075808877678910112
 13   508877657380252040180
 15   499472135960434484584
 17   488928992672697015721
 19   477325440762343343714
 21   464745245009097459496
 23   451277744489125438389
 25   437016827230245273182
 27   422059872733905157460
 29   406506678526153441714
 31   390458386780655237565
 33   374016426639148386410
 35   357281487154464074505
 37   340352534820287626403
 39   323325888457475053842
 41   306294362830782906110
 43   289346490807757039067
 45   272565832181357670953
 47   256030375499404601357
 49   239812037417441027672
 51   223976262257059179201
 53   208581722647649608834
 55   193680120392197538551
 57   179316085060347004329
 59   165527166303914798648
 61   152343914536464446060
 63   139790043439802225638
 65   127882666771665895298
 67   116632601160621859951
 69   106044725991306585985
 71   96118391105689270588 
 73   86847862869322740056 
 75   78222799166582084145 
 77   70228744082804564204 
 79   62847633387878277320 
 81   56058302436328594189 
 83   49836988722422046942 
 85   44157822052961440643 
 87   38993296102264137669 
 89   34314715970174447987 
 91   30092617252223140769 
 93   26297153029595035502 
 95   22898446075271350618 
 97   19866904433331641851 
 99   17173499344880666539 
 101  14790005252781922716 
 103  12689202307273124341 
 105  10845042407180257272 
 107  9232780341021076752  
 109  7829072035509119900  
 111  6612042274928680648  
 113  5561324524822129989  
 115  4658075680622254181  
 117  3884968671145109574  
 119  3226165884472613789  
 121  2667276357002447238  
 123  2195299583390531301  
 125  1798558674290067296  
 127  1466625418922876093  
 129  1190239609263170822  
 131  961224760344477938   
 133  772402124813915908   
 135  617504656618698267   
 137  491092335129779110   
 139  388470022763408388   
 141  305608801044073603   
 143  239071515949945291   
 145  185943066290621570   
 147  143765790926740923   
 149  110480153192565700   
 151  84370784540220042    
 153  64017834160813131    
 155  48253476577476080    
 157  36123353920523404    
 159  26852672402129595    
 161  19816631761796616    
 163  14514840335268010    
 165  10549354995548345    
 167  7605982589781400     
 169  5438485752475258     
 171  3855349304544439     
 173  2708782166702259     
 175  1885652298640063     
 177  1300077270753107     
 179  887419516323074      
 181  599462119501576      
 183  400567371311559      
 185  264645648380556      
 187  172785972738223      
 189  111421573980576      
 191  70923700061094       
 193  44534717865715       
 195  27567203818495       
 197  16809310359872       
 199  10088319672671       
 201  5954110806838        
 203  3452442237979        
 205  1964672060602        
 207  1095987764828        
 209  598577118991         
 211  319610939055         
 213  166583279325         
 215  84604366100          
 217  41788665040          
 219  20029728894          
 221  9293159292           
 223  4161927624           
 225  1793325939           
 227  740676682            
 229  291946589            
 231  109256095            
 233  38582270             
 235  12761596             
 237  3917728              
 239  1103587              
 241  281083               
 243  63481                
 245  12374                
 247  2001                 
 249  252                  
 251  22                   
 253  1                  