                 -78                                        1
                 -76                                       12
                 -74                                       77
                 -72                                      351
                 -70                                     1274
                 -68                                     3914
                 -66                                    10569
                 -64                                    25728
                 -62                                    57486
                 -60                                   119483
                 -58                                   233389
                 -56                                   431886
                 -54                                   762007
                 -52                                  1288587
                 -50                                  2097472
                 -48                                  3298033
                 -46                                  5024460
                 -44                                  7435284
                 -42                                 10710609
                 -40                                 15046642
                 -38                                 20647290
                 -36                                 27712842
                 -34                                 36426054
                 -32                                 46936280
                 -30                                 59342609
                 -28                                 73677240
                 -26                                 89890517
                 -24                                107839121
                 -22                                127278852
                 -20                                147863220
                 -18                                169148705
                 -16                                190607064
                 -14                                211644496
                 -12                                231626875
                 -10                                249909685
                  -8                                265870800
                  -6                                278943900
                  -4                                288650143
                  -2                                294625748
                   0                                296643390
                   2                                294625748
                   4                                288650143
                   6                                278943900
                   8                                265870800
                  10                                249909685
                  12                                231626875
                  14                                211644496
                  16                                190607064
                  18                                169148705
                  20                                147863220
                  22                                127278852
                  24                                107839121
                  26                                 89890517
                  28                                 73677240
                  30                                 59342609
                  32                                 46936280
                  34                                 36426054
                  36                                 27712842
                  38                                 20647290
                  40                                 15046642
                  42                                 10710609
                  44                                  7435284
                  46                                  5024460
                  48                                  3298033
                  50                                  2097472
                  52                                  1288587
                  54                                   762007
                  56                                   431886
                  58                                   233389
                  60                                   119483
                  62                                    57486
                  64                                    25728
                  66                                    10569
                  68                                     3914
                  70                                     1274
                  72                                      351
                  74                                       77
                  76                                       12
                  78                                        1
