  -741 1                                            
   -739 38                                           
   -737 740                                          
   -735 9841                                         
   -733 100490                                       
   -731 840009                                       
   -729 5984563                                      
   -727 37358751                                     
   -725 208504842                                    
  -723 1056449420                                   
  -721 4918107194                                   
  -719 21239722205                                  
  -717 85769361157                                  
  -715 325992594164                                 
  -713 1172714551785                                
  -711 4011922874670                                
  -709 13106108017275                               
  -707 41030950420668                               
  -705 123490172703472                              
  -703 358298017624625                              
  -701 1004667897962537                             
  -699 2728527761414598                             
  -697 7191615961049430                             
  -695 18428823215979345                            
  -693 45988549243017485                            
  -691 111925031489131936                           
  -689 266022731409537733                           
  -687 618249262556458852                           
  -685 1406557362448403819                          
  -683 3135862623003053060                          
  -681 6857792561445991308                          
  -679 14724149182867040949                         
  -677 31063999517136581710                         
  -675 64447078433986272758                         
  -673 131577688635096697955                        
  -671 264537982120355184412                        
  -669 524077137469635876802                        
  -667 1023672629097222268203                       
  -665 1972545911037385508273                       
  -663 3751631878841160308540                       
  -661 7046183385335186475607                       
  -659 13074634375705177052008                      
  -657 23979325506829803384260                      
  -655 43486614544039909819394                      
  -653 78010880372871585842985                      
  -651 138482986094227572319249                     
  -649 243350182194859272881787                     
  -647 423453303582668604793718                     
  -645 729886451340455238741630                     
  -643 1246555392235747406807970                    
  -641 2110078577935944033598454                    
  -639 3541072377704416385811869                    
  -637 5892952510204784887435399                    
  -635 9727487778394873710963647                    
  -633 15930919782147250396161140                   
  -631 25891167390894777554701452                   
  -629 41766392158247549602352708                   
  -627 66889309984750094961019705                   
  -625 106371910233807961095414398                  
  -623 168004206764583573087227720                  
  -621 263581776605191458672795617                  
  -619 410854921232037474264105585                  
  -617 636373841908639589163451981                  
  -615 979618126474828393991969534                  
  -613 1498957094948866034447678795                 
  -611 2280206280687741886341608323                 
  -609 3448846133220371175436904077                 
  -607 5187380698418086846217663816                 
  -605 7759874730519712165734683540                 
  -603 11546467811286180435518709430                
  -601 17091689831388914081238834275                
  -599 25171780316165584862754328450                
  -597 36888057526842786883321066292                
  -595 53795838663625616890530724595                
  -593 78081669366189083288971607820                
  -591 112805923064661731815591397723               
  -589 162233491528057834612657258699               
  -587 232282707016748407702109618935               
  -585 331132322699334357294534729916               
  -583 470038976872066732179804071110               
  -581 664433893630206925949482889617               
  -579 935388655020853143405494500742               
  -577 1311567006159248685840794548162              
  -575 1831814437123048040149617596885              
  -573 2548581732703070886016494637905              
  -571 3532435289290558499504734533231              
  -569 4877978858334255453017743403605              
  -567 6711602303663956636891746131949              
  -565 9201587651329672844721003015263              
  -563 12571246926519303638236872764016             
  -561 17115947059341444977141560127074             
  -559 23225103093576891171314872927972             
  -557 31410502499752925593823031082035             
  -555 42342673246277060255250184684225             
  -553 56897441738648517225682359010847             
  -551 76215362266156376314256100843901             
  -549 101777359404147979005957011072163            
  -547 135500735534547332769843128356723            
  -545 179860689109179504955999228821114            
 -543 238043703466077269510244177054338            
 -541 314140646093450943549749884937632            
 -539 413389217818844204642532785918647            
 -537 542477573914454838187970221958309            
 -535 709923579433015196189505395156157            
 -533 926547347393397472506509659100434            
 -531 1206058544287645205216111269009997           
 -529 1565784554133388444934222301585818           
 -527 2027571111795114430372230626310955           
 -525 2618893613951607827575000083574502           
 -523 3374225184316322232532195124697600           
 -521 4336716931842646308786896319432440           
 -519 5560256955242277713240841058737187           
 -517 7111987812914444501100043090442368           
 -515 9075377738589019068325546805982590           
 -513 11553959235493286045683084331932373          
 -511 14675870279831029166022458454999274          
 -509 18599358727701765744485449633957759          
 -507 23519440242066957478543559948071439          
 -505 29675934814648567580597753826049863          
 -503 37363147521118521635419283951292251          
 -501 46941506389509306288300160805745335          
 -499 58851525169599921674423664688188102          
 -497 73630522481267955573669981942354871          
 -495 91932602550429961904707476503072398          
 -493 114552487926936841171099518643362688         
 -491 142453892807148346194447318784005882         
 -489 176803238632366004502125357187566464         
 -487 219009643488705127574300974847917575         
 -485 270772265708106988848096680736167737         
 -483 334136252426466440238687521843463819         
 -481 411558738426269952273692941968187605         
 -479 505986562404270238541548245855392795         
 -477 620947620203791973085120246741650404         
 -475 760658061223234019255436313702820349         
 -473 930147859212889422826280150409914884         
 -471 1135407656452497135661411329864474253        
 -469 1383560195735968838060110310804872196        
 -467 1683060123002172127628022049702482446        
 -465 2043926470644899277661319482855993864        
 -463 2478012723821384029139200328236636021        
 -461 2999320036301642195630657486289407244        
 -459 3624359905966842478775818991629587132        
 -457 4372573450967976057970380657875590217        
 -455 5266815354402914650316608238437034659        
 -453 6333911577402550254318152104908694097        
 -451 7605301087633042754944714158751844631        
 -449 9117773122992757498238538639031200170        
 -447 10914312919968413696198159603971295460       
 -445 13045070394672082490039099590081975322       
 -443 15568467984668529123612363759013032802       
 -441 18552465754682845941951222201430868257       
 -439 22076003953208694804126483545909394265       
 -437 26230645494656512962056255808135080996       
 -435 31122443348386779473541062625084501286       
 -433 36874060557792126848479243995303607477       
 -431 43627173606137113067059597450464785374       
 -429 51545193108284479994822957896703873356       
 -427 60816339356351797923594645988181391003       
 -425 71657114100767397917528250225810731990       
 -423 84316214124448548066931419895748696557       
 -421 99078936685425945725583113379863581607       
 -419 116272131780782478278597554593269434788      
 -417 136269761440796303640799234457780705658      
 -415 159499131914998238265820819298239406359      
 -413 186447870679400945609532395395186347579      
 -411 217671726693779054892775083914725505442      
 -409 253803279286125342779948333519527401194      
 -407 295561648453798790486156656917593245386      
 -405 343763307261651627995224822460961979078      
 -403 399334105399250398400291554983166089994      
 -401 463322621843009885235951777645034617285      
 -399 536914973963283035131568193299344500971      
 -397 621451220327325907642780155288873753604      
 -395 718443504879842756792346704897943650735      
 -393 829596101133519937955513381846074108996      
 -391 956827526468937411439295518454915020914      
 -389 1102294908618799468588752019969160759777     
 -387 1268420798883355713614300266586415891785     
 -385 1457922639575057188681336527224860160111     
 -383 1673845106598388247239865589310897754657     
 -381 1919595561907056149766801601574422032136     
 -379 2198982864810608876796251757519705686101     
 -377 2516259805684595783106683783751449495912     
 -375 2876169440523831825603203950265913887811     
 -373 3283995619910695333095080958880505374371     
 -371 3745618021285024917011941410048174413958     
 -369 4267572008825811329069196980722010760699     
 -367 4857113660705201525846441210039324378296     
 -365 5522290318860620124705903319250168161552     
 -363 6272017031649564199251664936770023147062     
 -361 7116159274692239967372886884261292603301     
 -359 8065622349747713045888704438258398079021     
 -357 9132447875477075440178561825922719460874     
 -355 10329917797278978456130608468537283250585    
 -353 11672666355884581731913964935846273682679    
 -351 13176800465905499729756333389247876763454    
 -349 14860028965863860307012407934444991390741    
 -347 16741801210211645775632537668267645015784    
 -345 18843455481270182153055506116224900156517    
 -343 21188377704683042984521911899740842614735    
 -341 23802170955660218277890359095529268134549    
 -339 26712836244772638209257550533580047313007    
 -337 29950965071100205478361568380039051860186    
 -335 33549944226902083649486112824768319610123    
 -333 37546173331417320200179528747564685751925    
 -331 41979295561663775984306313578157316631001    
 -329 46892442034926480068999073757052079914753    
 -327 52332490280752892634489707706688904357231    
 -325 58350337219440919501773817641554181249227    
 -323 65001187038955177121107293485697402324505    
 -321 72344854332679617229127733604939238598973    
 -319 80446082826156204023930849434143053676389    
 -317 89374879981722407194205950408466361135844    
 -315 99206867725506117879718308011080196150208    
 -313 110023649491337681616549804228028981861277   
 -311 121913193720581262418220264633055442116032   
 -309 134970233895474267664538326465949254666712   
 -307 149296685116115766655621052680266835895758   
 -305 165002077157606398331438358686668496116455   
 -303 182204003863881764062152233179792733123046   
 -301 201028588648395212166953571212262271220620   
 -299 221610965778921639011066094212320133388647   
 -297 244095777024332831310058695074370775073946   
 -295 268637683135235359839171338396953841123455   
 -293 295401889517902570245684971398784349277873   
 -291 324564685342054307793821092836591630762828   
 -289 356313995197869113569061913471300550988566   
 -287 390849942286329945796775982027884790065285   
 -285 428385421989833640705068655435440029163323   
 -283 469146684527217894136671422728125945592583   
 -281 513373925249315326268188121325793358085126   
 -279 561321880978228331781857951311522230339994   
 -277 613260430636187227990810072867329616324267   
 -275 669475198248625711898685878108040617945970   
 -273 730268156241562765452461240310322042099630   
 -271 795958226786163631933174265392098284461946   
 -269 866881878774173308787110259729838610915114   
 -267 943393717837547459688985367428189755727417   
 -265 1025867066654884959048698707007146767020455  
 -263 1114694532617093717590597383074470014584321  
 -261 1210288559756058956195874862922757980742190  
 -259 1313081961673952448220812343239924832051264  
 -257 1423528432048301543842751962220079191262138  
 -255 1542103029130161481669031081188621068400338  
 -253 1669302630500887812238745168070116962915646  
 -251 1805646354208318535487792896016465977749866  
 -249 1951675942266920453994626123612452386799593  
 -247 2107956102379940397483922277972699154676452  
 -245 2275074803626169016145424455295257154616014  
 -243 2453643521750936352398427086797087461756685  
 -241 2644297429611794775722249226133703752989213  
 -239 2847695528255395608508055691523569861585796  
 -237 3064520714044721260682785187691136345413255  
 -235 3295479777216477424818565646170319546176995  
 -233 3541303327228445245823425061192433929467236  
 -231 3802745640257279966915030480840458538311691  
 -229 4080584424229922105497847223772346647062429  
 -227 4375620496817714193937945127602956495670528  
 -225 4688677371892687015884550950045319211140295  
 -223 5020600750041421647925701034720264568785211  
 -221 5372257908854455034683903388036580915311953  
 -219 5744536988859333635950672723460511967216342  
 -217 6138346171143985832740675351805860486301159  
 -215 6554612742924819663331829912177931802911933  
 -213 6994282047551473939302436555459808113098396  
 -211 7458316315707938428561874332658414620810482  
 -209 7947693374868147424063764466058445555414123  
 -207 8463405234393319739551283040863190934344409  
 -205 9006456544018280840129716996515155536865665  
 -203 9577862923864599137100729829794680677138610  
 -201 10178649164539255824891131690339026004522605 
 -199 10809847296328213639675914830278553629860033 
 -197 11472494526973925936674304940432400515528146 
 -195 12167631048033603070387746704662837488728571 
 -193 12896297710349791484922868755287885548641808 
 -191 13659533569725175822411059284781519481218959 
 -189 14458373304477927645349024308019490589170402 
 -187 15293844507160625405956422224772876189655332 
 -185 16166964853352776449055809909041237361512972 
 -183 17078739151082090448631621264660859927231049 
 -181 18030156275090485520621409895714173969644627 
 -179 19022185990834752481452553593727860460626300 
 -177 20055775673796063388076563404148136384529126 
 -175 21131846930364104637157191729285403712798385 
 -173 22251292127257382202392771665785198125514562 
 -171 23414970837137860629838524690434010280759803 
 -169 24623706208772078488987631927991716339417348 
 -167 25878281270778612476231797568260560433326976 
 -165 27179435178679498639008166674494240275632151 
 -163 28527859415637114897918329342003995394492604 
 -161 29924193957904149913856713774785587704072432 
 -159 31369023416638628233779238577460298985271244 
 -157 32862873168334483854350735880127999678139302 
 -155 34406205486686804069270676282360707506287105 
 -153 35999415689245533297103819403151789355418400 
 -151 37642828312708087873163899693078731881197695 
 -149 39336693331155992805775890938519084777320355 
 -147 41081182431949391220601281197596477691701508 
 -145 42876385364352279572484356446510058699247981 
 -143 44722306376266898118396873616372216263574144 
 -141 46618860754704323225530894751250363159072358 
 -139 48565871485806614259287050608489888751361064 
 -137 50563066050360719697034140423512209362026579 
 -135 52610073370802835579131837541070413790638972 
 -133 54706420925701384828472768542837466998627447 
 -131 56851532047624882840387750288302005514023733 
 -129 59044723420145615216004142613503368369163334 
 -127 61285202789499549734202600342484214199870555 
 -125 63572066906115859737784565781104405126524681 
 -123 65904299710844843493769902430528057909685225 
 -121 68280770780250265181854132980709877703275835 
 -119 70700234044791003027024924387216999827937683 
 -117 73161326793097571028213329472567200379338904 
 -115 75662568974852213644878801968357363850527517 
 -113 78202362814007926136511615204403814373342069 
 -111 80778992743233439437861677151708444241035912 
 -109 83390625669549887709532838316764624984871437 
 -107 86035311580132958093930839727257565424854219 
 -105 88710984496194661900014810903604231393571874 
 -103 91415463781734763091111925057953527527851848 
 -101 94146455812767087158146210435081633415282511 
 -99  96901556011384569290954246619874182396749919 
 -97  99678251247733554317882754692572479996143470 
 -95  102473922611627495962886923191736884784451471
 -93  105285848554148158817265548119682557833780677
 -91  108111208398164395680546843866530703218761684
 -89  110947086215250576825645287027239758737794581
 -87  113790475065015108679384912941638193530610815
 -85  116638281591360790988111075893814639800936872
 -83  119487330968699856277385812958088056726018146
 -81  122334372189644450245002101717146486526199878
 -79  125176083684195251484496786090284254416619356
 -77  128009079258964228056297639121029426492686040
 -75  130829914343499611047229523945307924856142884
 -73  133635092529339504000726019171438928206292087
 -71  136421072386012620719291426542361482148447400
 -69  139184274536837894185135031624998755266135969
 -67  141921088976056487237832345821049686683768706
 -65  144627882607567297504069931709297337528869198
 -63  147301006984337452533233707559898035982968589
 -61  149936806226429391462824684811304203020010267
 -59  152531625094532526752569552593760695558561670
 -57  155081817194916476003586518343965645599567118
 -55  157583753290840413584250212244937302852715539
 -53  160033829694664800785210756559303874628614141
 -51  162428476714222782025621678270593873495946292
 -49  164764167126423602556459167567287669599950008
 -47  167037424650583745008005630894519875849285060
 -45  169244832393616817664470692051914862533880922
 -43  171383041238963733065474226847429626310845557
 -41  173448778151012999979305301510825559984472170
 -39  175438854366749033857346915031369945466086189
 -37  177350173446475681548376004497820754713553378
 -35  179179739155693443725197018093035598485851538
 -33  180924663150562317989667997356897263819975213
 -31  182582172439857291080912834636033199482631970
 -29  184149616596919150120547145575179351512703106
 -27  185624474695817687176123635557769680845713193
 -25  187004361946775126746131097152426949011395023
 -23  188287036006841670201072056850531975626094826
 -21  189470402942868765494675950880908384545775074
 -19  190552522824984814441272867442107837865822564
 -17  191531614930037682838655143981202513433203150
 -15  192406062535823183484044215876824753304273630
 -13  193174417288362732565372960008731695280739152
 -11  193835403126020212012828571205866235989064653
 -9   194387919745850816533774445225573947692864552
 -7   194831045599246010216041338249834706329534783
 -5   195164040405670963411819202218204058762668138
 -3   195386347175075941957361173176310149175896937
 -1   195497593731392734506873788376896938168104207
 1    195497593731392734506873788376896938168104207
 3    195386347175075941957361173176310149175896937
 5    195164040405670963411819202218204058762668138
 7    194831045599246010216041338249834706329534783
 9    194387919745850816533774445225573947692864552
 11   193835403126020212012828571205866235989064653
 13   193174417288362732565372960008731695280739152
 15   192406062535823183484044215876824753304273630
 17   191531614930037682838655143981202513433203150
 19   190552522824984814441272867442107837865822564
 21   189470402942868765494675950880908384545775074
 23   188287036006841670201072056850531975626094826
 25   187004361946775126746131097152426949011395023
 27   185624474695817687176123635557769680845713193
 29   184149616596919150120547145575179351512703106
 31   182582172439857291080912834636033199482631970
 33   180924663150562317989667997356897263819975213
 35   179179739155693443725197018093035598485851538
 37   177350173446475681548376004497820754713553378
 39   175438854366749033857346915031369945466086189
 41   173448778151012999979305301510825559984472170
 43   171383041238963733065474226847429626310845557
 45   169244832393616817664470692051914862533880922
 47   167037424650583745008005630894519875849285060
 49   164764167126423602556459167567287669599950008
 51   162428476714222782025621678270593873495946292
 53   160033829694664800785210756559303874628614141
 55   157583753290840413584250212244937302852715539
 57   155081817194916476003586518343965645599567118
 59   152531625094532526752569552593760695558561670
 61   149936806226429391462824684811304203020010267
 63   147301006984337452533233707559898035982968589
 65   144627882607567297504069931709297337528869198
 67   141921088976056487237832345821049686683768706
 69   139184274536837894185135031624998755266135969
 71   136421072386012620719291426542361482148447400
 73   133635092529339504000726019171438928206292087
 75   130829914343499611047229523945307924856142884
 77   128009079258964228056297639121029426492686040
 79   125176083684195251484496786090284254416619356
 81   122334372189644450245002101717146486526199878
 83   119487330968699856277385812958088056726018146
 85   116638281591360790988111075893814639800936872
 87   113790475065015108679384912941638193530610815
 89   110947086215250576825645287027239758737794581
 91   108111208398164395680546843866530703218761684
 93   105285848554148158817265548119682557833780677
 95   102473922611627495962886923191736884784451471
 97   99678251247733554317882754692572479996143470 
 99   96901556011384569290954246619874182396749919 
 101  94146455812767087158146210435081633415282511 
 103  91415463781734763091111925057953527527851848 
 105  88710984496194661900014810903604231393571874 
 107  86035311580132958093930839727257565424854219 
 109  83390625669549887709532838316764624984871437 
 111  80778992743233439437861677151708444241035912 
 113  78202362814007926136511615204403814373342069 
 115  75662568974852213644878801968357363850527517 
 117  73161326793097571028213329472567200379338904 
 119  70700234044791003027024924387216999827937683 
 121  68280770780250265181854132980709877703275835 
 123  65904299710844843493769902430528057909685225 
 125  63572066906115859737784565781104405126524681 
 127  61285202789499549734202600342484214199870555 
 129  59044723420145615216004142613503368369163334 
 131  56851532047624882840387750288302005514023733 
 133  54706420925701384828472768542837466998627447 
 135  52610073370802835579131837541070413790638972 
 137  50563066050360719697034140423512209362026579 
 139  48565871485806614259287050608489888751361064 
 141  46618860754704323225530894751250363159072358 
 143  44722306376266898118396873616372216263574144 
 145  42876385364352279572484356446510058699247981 
 147  41081182431949391220601281197596477691701508 
 149  39336693331155992805775890938519084777320355 
 151  37642828312708087873163899693078731881197695 
 153  35999415689245533297103819403151789355418400 
 155  34406205486686804069270676282360707506287105 
 157  32862873168334483854350735880127999678139302 
 159  31369023416638628233779238577460298985271244 
 161  29924193957904149913856713774785587704072432 
 163  28527859415637114897918329342003995394492604 
 165  27179435178679498639008166674494240275632151 
 167  25878281270778612476231797568260560433326976 
 169  24623706208772078488987631927991716339417348 
 171  23414970837137860629838524690434010280759803 
 173  22251292127257382202392771665785198125514562 
 175  21131846930364104637157191729285403712798385 
 177  20055775673796063388076563404148136384529126 
 179  19022185990834752481452553593727860460626300 
 181  18030156275090485520621409895714173969644627 
 183  17078739151082090448631621264660859927231049 
 185  16166964853352776449055809909041237361512972 
 187  15293844507160625405956422224772876189655332 
 189  14458373304477927645349024308019490589170402 
 191  13659533569725175822411059284781519481218959 
 193  12896297710349791484922868755287885548641808 
 195  12167631048033603070387746704662837488728571 
 197  11472494526973925936674304940432400515528146 
 199  10809847296328213639675914830278553629860033 
 201  10178649164539255824891131690339026004522605 
 203  9577862923864599137100729829794680677138610  
 205  9006456544018280840129716996515155536865665  
 207  8463405234393319739551283040863190934344409  
 209  7947693374868147424063764466058445555414123  
 211  7458316315707938428561874332658414620810482  
 213  6994282047551473939302436555459808113098396  
 215  6554612742924819663331829912177931802911933  
 217  6138346171143985832740675351805860486301159  
 219  5744536988859333635950672723460511967216342  
 221  5372257908854455034683903388036580915311953  
 223  5020600750041421647925701034720264568785211  
 225  4688677371892687015884550950045319211140295  
 227  4375620496817714193937945127602956495670528  
 229  4080584424229922105497847223772346647062429  
 231  3802745640257279966915030480840458538311691  
 233  3541303327228445245823425061192433929467236  
 235  3295479777216477424818565646170319546176995  
 237  3064520714044721260682785187691136345413255  
 239  2847695528255395608508055691523569861585796  
 241  2644297429611794775722249226133703752989213  
 243  2453643521750936352398427086797087461756685  
 245  2275074803626169016145424455295257154616014  
 247  2107956102379940397483922277972699154676452  
 249  1951675942266920453994626123612452386799593  
 251  1805646354208318535487792896016465977749866  
 253  1669302630500887812238745168070116962915646  
 255  1542103029130161481669031081188621068400338  
 257  1423528432048301543842751962220079191262138  
 259  1313081961673952448220812343239924832051264  
 261  1210288559756058956195874862922757980742190  
 263  1114694532617093717590597383074470014584321  
 265  1025867066654884959048698707007146767020455  
 267  943393717837547459688985367428189755727417   
 269  866881878774173308787110259729838610915114   
 271  795958226786163631933174265392098284461946   
 273  730268156241562765452461240310322042099630   
 275  669475198248625711898685878108040617945970   
 277  613260430636187227990810072867329616324267   
 279  561321880978228331781857951311522230339994   
 281  513373925249315326268188121325793358085126   
 283  469146684527217894136671422728125945592583   
 285  428385421989833640705068655435440029163323   
 287  390849942286329945796775982027884790065285   
 289  356313995197869113569061913471300550988566   
 291  324564685342054307793821092836591630762828   
 293  295401889517902570245684971398784349277873   
 295  268637683135235359839171338396953841123455   
 297  244095777024332831310058695074370775073946   
 299  221610965778921639011066094212320133388647   
 301  201028588648395212166953571212262271220620   
 303  182204003863881764062152233179792733123046   
 305  165002077157606398331438358686668496116455   
 307  149296685116115766655621052680266835895758   
 309  134970233895474267664538326465949254666712   
 311  121913193720581262418220264633055442116032   
 313  110023649491337681616549804228028981861277   
 315  99206867725506117879718308011080196150208    
 317  89374879981722407194205950408466361135844    
 319  80446082826156204023930849434143053676389    
 321  72344854332679617229127733604939238598973    
 323  65001187038955177121107293485697402324505    
 325  58350337219440919501773817641554181249227    
 327  52332490280752892634489707706688904357231    
 329  46892442034926480068999073757052079914753    
 331  41979295561663775984306313578157316631001    
 333  37546173331417320200179528747564685751925    
 335  33549944226902083649486112824768319610123    
 337  29950965071100205478361568380039051860186    
 339  26712836244772638209257550533580047313007    
 341  23802170955660218277890359095529268134549    
 343  21188377704683042984521911899740842614735    
 345  18843455481270182153055506116224900156517    
 347  16741801210211645775632537668267645015784    
 349  14860028965863860307012407934444991390741    
 351  13176800465905499729756333389247876763454    
 353  11672666355884581731913964935846273682679    
 355  10329917797278978456130608468537283250585    
 357  9132447875477075440178561825922719460874     
 359  8065622349747713045888704438258398079021     
 361  7116159274692239967372886884261292603301     
 363  6272017031649564199251664936770023147062     
 365  5522290318860620124705903319250168161552     
 367  4857113660705201525846441210039324378296     
 369  4267572008825811329069196980722010760699     
 371  3745618021285024917011941410048174413958     
 373  3283995619910695333095080958880505374371     
 375  2876169440523831825603203950265913887811     
 377  2516259805684595783106683783751449495912     
 379  2198982864810608876796251757519705686101     
 381  1919595561907056149766801601574422032136     
 383  1673845106598388247239865589310897754657     
 385  1457922639575057188681336527224860160111     
 387  1268420798883355713614300266586415891785     
 389  1102294908618799468588752019969160759777     
 391  956827526468937411439295518454915020914      
 393  829596101133519937955513381846074108996      
 395  718443504879842756792346704897943650735      
 397  621451220327325907642780155288873753604      
 399  536914973963283035131568193299344500971      
 401  463322621843009885235951777645034617285      
 403  399334105399250398400291554983166089994      
 405  343763307261651627995224822460961979078      
 407  295561648453798790486156656917593245386      
 409  253803279286125342779948333519527401194      
 411  217671726693779054892775083914725505442      
 413  186447870679400945609532395395186347579      
 415  159499131914998238265820819298239406359      
 417  136269761440796303640799234457780705658      
 419  116272131780782478278597554593269434788      
 421  99078936685425945725583113379863581607       
 423  84316214124448548066931419895748696557       
 425  71657114100767397917528250225810731990       
 427  60816339356351797923594645988181391003       
 429  51545193108284479994822957896703873356       
 431  43627173606137113067059597450464785374       
 433  36874060557792126848479243995303607477       
 435  31122443348386779473541062625084501286       
 437  26230645494656512962056255808135080996       
 439  22076003953208694804126483545909394265       
 441  18552465754682845941951222201430868257       
 443  15568467984668529123612363759013032802       
 445  13045070394672082490039099590081975322       
 447  10914312919968413696198159603971295460       
 449  9117773122992757498238538639031200170        
 451  7605301087633042754944714158751844631        
 453  6333911577402550254318152104908694097        
 455  5266815354402914650316608238437034659        
 457  4372573450967976057970380657875590217        
 459  3624359905966842478775818991629587132        
 461  2999320036301642195630657486289407244        
 463  2478012723821384029139200328236636021        
 465  2043926470644899277661319482855993864        
 467  1683060123002172127628022049702482446        
 469  1383560195735968838060110310804872196        
 471  1135407656452497135661411329864474253        
 473  930147859212889422826280150409914884         
 475  760658061223234019255436313702820349         
 477  620947620203791973085120246741650404         
 479  505986562404270238541548245855392795         
 481  411558738426269952273692941968187605         
 483  334136252426466440238687521843463819         
 485  270772265708106988848096680736167737         
 487  219009643488705127574300974847917575         
 489  176803238632366004502125357187566464         
 491  142453892807148346194447318784005882         
 493  114552487926936841171099518643362688         
 495  91932602550429961904707476503072398          
 497  73630522481267955573669981942354871          
 499  58851525169599921674423664688188102          
 501  46941506389509306288300160805745335          
 503  37363147521118521635419283951292251          
 505  29675934814648567580597753826049863          
 507  23519440242066957478543559948071439          
 509  18599358727701765744485449633957759          
 511  14675870279831029166022458454999274          
 513  11553959235493286045683084331932373          
 515  9075377738589019068325546805982590           
 517  7111987812914444501100043090442368           
 519  5560256955242277713240841058737187           
 521  4336716931842646308786896319432440           
 523  3374225184316322232532195124697600           
 525  2618893613951607827575000083574502           
 527  2027571111795114430372230626310955           
 529  1565784554133388444934222301585818           
 531  1206058544287645205216111269009997           
 533  926547347393397472506509659100434            
 535  709923579433015196189505395156157            
 537  542477573914454838187970221958309            
 539  413389217818844204642532785918647            
 541  314140646093450943549749884937632            
 543  238043703466077269510244177054338            
 545  179860689109179504955999228821114            
 547  135500735534547332769843128356723            
 549  101777359404147979005957011072163            
 551  76215362266156376314256100843901             
 553  56897441738648517225682359010847             
 555  42342673246277060255250184684225             
 557  31410502499752925593823031082035             
 559  23225103093576891171314872927972             
 561  17115947059341444977141560127074             
 563  12571246926519303638236872764016             
 565  9201587651329672844721003015263              
 567  6711602303663956636891746131949              
 569  4877978858334255453017743403605              
 571  3532435289290558499504734533231              
 573  2548581732703070886016494637905              
 575  1831814437123048040149617596885              
 577  1311567006159248685840794548162              
 579  935388655020853143405494500742               
 581  664433893630206925949482889617               
 583  470038976872066732179804071110               
 585  331132322699334357294534729916               
 587  232282707016748407702109618935               
 589  162233491528057834612657258699               
 591  112805923064661731815591397723               
 593  78081669366189083288971607820                
 595  53795838663625616890530724595                
 597  36888057526842786883321066292                
 599  25171780316165584862754328450                
 601  17091689831388914081238834275                
 603  11546467811286180435518709430                
 605  7759874730519712165734683540                 
 607  5187380698418086846217663816                 
 609  3448846133220371175436904077                 
 611  2280206280687741886341608323                 
 613  1498957094948866034447678795                 
 615  979618126474828393991969534                  
 617  636373841908639589163451981                  
 619  410854921232037474264105585                  
 621  263581776605191458672795617                  
 623  168004206764583573087227720                  
 625  106371910233807961095414398                  
 627  66889309984750094961019705                   
 629  41766392158247549602352708                   
 631  25891167390894777554701452                   
 633  15930919782147250396161140                   
 635  9727487778394873710963647                    
 637  5892952510204784887435399                    
 639  3541072377704416385811869                    
 641  2110078577935944033598454                    
 643  1246555392235747406807970                    
 645  729886451340455238741630                     
 647  423453303582668604793718                     
 649  243350182194859272881787                     
 651  138482986094227572319249                     
 653  78010880372871585842985                      
 655  43486614544039909819394                      
 657  23979325506829803384260                      
 659  13074634375705177052008                      
 661  7046183385335186475607                       
 663  3751631878841160308540                       
 665  1972545911037385508273                       
 667  1023672629097222268203                       
 669  524077137469635876802                        
 671  264537982120355184412                        
 673  131577688635096697955                        
 675  64447078433986272758                         
 677  31063999517136581710                         
 679  14724149182867040949                         
 681  6857792561445991308                          
 683  3135862623003053060                          
 685  1406557362448403819                          
 687  618249262556458852                           
 689  266022731409537733                           
 691  111925031489131936                           
 693  45988549243017485                            
 695  18428823215979345                            
 697  7191615961049430                             
 699  2728527761414598                             
 701  1004667897962537                             
 703  358298017624625                              
 705  123490172703472                              
 707  41030950420668                               
 709  13106108017275                               
 711  4011922874670                                
 713  1172714551785                                
 715  325992594164                                 
 717  85769361157                                  
 719  21239722205                                  
 721  4918107194                                   
 723  1056449420                                   
 725  208504842                                    
 727  37358751                                     
 729  5984563                                      
 731  840009                                       
 733  100490                                       
 735  9841                                         
 737  740                                          
 739  38                                           
 741  1                       