2600 1
2601 23
2602 231
2603 1374
2604 5707
2605 18930
2606 54554
2607 139718
2608 323447
2609 696265
2610 1407235
2611 2686439
2612 4908590
2613 8625041
2614 14619689
2615 24055257
2616 38545087
2617 60217260
2618 92089185
2619 138073725
2620 203236009
2621 294286049
2622 419873748
2623 590410720
2624 819977652
2625 1125138369
2626 1526711684
2627 2050118024
2628 2727547046
2629 3594067953
2630 4697826781
2631 6090406843
2632 7837261300
2633 10011450490
2634 12707912422
2635 16020407788
2636 20083106817
2637 25024862894
2638 31018886465
2639 38239515267
2640 46927039554
2641 57287748305
2642 69651189662
2643 84290532187
2644 101613877028
2645 121969856880
2646 145912933041
2647 173833529569
2648 206467324894
2649 244303770264
2650 288238151453
2651 338880062605
2652 397409857134
2653 464448439596
2654 541544875692
2655 629458319823
2656 730033340617
2657 844149942601
2658 974222049927
2659 1121065991833
2660 1287771966980
2661 1475252789125
2662 1687178782998
2663 1924580484345
2664 2192139048022
2665 2490530418047
2666 2825723681650
2667 3198416947014
2668 3615588653790
2669 4077790296624
2670 4593884292119
2671 5163638760503
2672 5798090926606
2673 6496559998361
2674 7272011239748
2675 8123285815885
2676 9066464237499
2677 10098427088471
2678 11239172155524
2679 12484545097568
2680 13857704781625
2681 15352783849227
2682 16998425642474
2683 18785362361693
2684 20748427664346
2685 22875414547706
2686 25206995276288
2687 27727789461751
2688 30487031521888
2689 33462464075465
2690 36713880870681
2691 40214005601651
2692 44031738643252
2693 48132635430765
2694 52599967774102
2695 57388647779772
2696 62597780010846
2697 68171542600897
2698 74225097607608
2699 80691241902115
2700 87706250836977
2701 95183798091530
2702 103285896132687
2703 111909845284822
2704 121241605282361
2705 131156543743984
2706 141874725989057
2707 153244045094993
2708 165521235425029
2709 178523787838238
2710 192548527658085
2711 207380948328548
2712 223365385572459
2713 240241568913519
2714 258411339261295
2715 277570822809580
2716 298179328445651
2717 319876773027684
2718 343196433434957
2719 367716600322629
2720 394048518377377
2721 421696336907751
2722 451363052507639
2723 482475365334650
2724 515835270015040
2725 550771516593075
2726 588204796699572
2727 627362350587551
2728 669291507083266
2729 713092536534195
2730 759961402934340
2731 808873349469031
2732 861178493244387
2733 915689222692888
2734 973951288306448
2735 1034608310881701
2736 1099398267230563
2737 1166772995511252
2738 1238698878902717
2739 1313414197238670
2740 1393145402606268
2741 1475868013321579
2742 1564088640424061
2743 1655547957132516
2744 1753040446531515
2745 1853976919226836
2746 1961542036924736
2747 2072808017129272
2748 2191309975394913
2749 2313772131800631
2750 2444144451253085
2751 2578733069558265
2752 2721990974137654
2753 2869716410603001
2754 3026864198493995
2755 3188819347415325
2756 3361045134656670
2757 3538301542660487
2758 3726785575745260
2759 3920623561969310
2760 4126619049942495
2761 4338302300774747
2762 4563193336157815
2763 4794050299056479
2764 5039320177851267
2765 5290834477624637
2766 5557895099173770
2767 5831646204018835
2768 6122244762529861
2769 6419717322286103
2770 6735534692154500
2771 7058597486553572
2772 7401379809772598
2773 7751809320490624
2774 8123549801618751
2775 8503173657863177
2776 8905972727130692
2777 9316909725423212
2778 9752669388590410
2779 10197132497829788
2780 10668361787579853
2781 11148326882413860
2782 11657346087090915
2783 12175471631956232
2784 12724624709278965
2785 13283338717724280
2786 13875430527440026
2787 14477155750944790
2788 15115073729314711
2789 15762768197089587
2790 16448982863300891
2791 17145666997695859
2792 17883706265919249
2793 18631901408868519
2794 19424878605012792
2795 20228301051510272
2796 21079259871399228
2797 21941139111281098
2798 22853940655520358
2799 23777376574180835
2800 24755906330218846
2801 25744956168079259
2802 26792300167840265
2803 27850983106076693
2804 28972014826591877
2805 30103431348791931
2806 31302234103331416
2807 32511494564940890
2808 33791876348864118
2809 35083173422827616
2810 36450381663489557
2811 37827552509108973
2812 39286703984080929
2813 40755217333988994
2814 42310013202812041
2815 43875125732316433
2816 45532210609470939
2817 47197575569789936
2818 48962173563945334
2819 50734720719353333
2820 52611458864005583
2821 54496525910659401
2822 56492437114237273
2823 58494588494050533
2824 60616288970908842
2825 62742833164427457
2826 64994574871573117
2827 67252265980438717
2828 69642981229258998
2829 72035909789477408
2830 74572182149730373
2831 77109661412817324
2832 79796914067820494
2833 82485580905978586
2834 85333135776094615
2835 88178245590302068
2836 91194532535141553
2837 94205751003687456
2838 97395379589900350
2839 100581244086897610
2840 103956141775585628
2841 107320976775075699
2842 110889294318821551
2843 114445458146939220
2844 118213294815567470
2845 121968952830313300
2846 125948578719921595
2847 129909507632732062
2848 134111474436642339
2849 138290346134862747
2850 142719346621455471
2851 147126831297829814
2852 151798659957068463
2853 156438895558136647
2854 161363467379401297
2855 166252799786509470
2856 171436684068154137
2857 176584986097716731
2858 182044151390338175
2859 187457418168095860
2860 193204983904158687
2861 198899739700648215
2862 204939993763539458
2863 210929352680831817
2864 217283023816764784
2865 223570431392564471
2866 230249454940798991
2867 236856366709066962
2868 243867306400331900
2869 250805473654315610
2870 258169086908102336
2871 265444269492805259
2872 273176676459022708
2873 280810225393283218
2874 288914560085309804
2875 296922517340030333
2876 305425863758572640
2877 313810157347235837
2878 322726578015847950
2879 331515155124718262
2880 340850716009837161
2881 350057435209926938
2882 359838922267422133
2883 369468508776217933
2884 379715501871490733
2885 389795520288285620
2886 400509038656812365
2887 411058935010352495
2888 422274001304362313
2889 433292988301423461
2890 445026132148745222
2891 456550478121913283
2892 468806373107238025
2893 480852061395429622
2894 493665065893673791
2895 506234942040164223
2896 519628692193427734
2897 532758148010630228
2898 546730008358359173
2899 560442326309413998
2900 575037528338382633
2901 589327795099273885
2902 604565513180266292
2903 619480281101081139
2904 635362554396744549
2905 650920266273176682
2906 667491003661905486
2907 683691269566904259
2908 700978609028682323
2909 717866550501924252
2910 735862556533664047
2911 753465980040894098
2912 772228668829532543
2913 790536277079542798
2914 810087535483877573
2915 829159099431971348
2916 849496862797615129
2917 869353333100930753
2918 890533178217800391
2919 911169090781817068
2920 933224528580601380
2921 954697276253026346
2922 977612750278390302
2923 999955000983209061
2924 1023804283545471502
2925 1046996116341813124
2926 1071804111800412463
2927 1095921662816342434
2928 1121679817883093051
2929 1146746535390884683
2930 1173525241582700465
2931 1199528452560788570
2932 1227367337484488420
2933 1254379271614777822
2934 1283251959363840598
2935 1311311189929714019
2936 1341311255573392888
2937 1370386004812329773
2938 1401540972881248337
2939 1431727488874664103
2940 1464020114975540536
2941 1495344488186897899
2942 1528863345756221951
2943 1561302477014009501
2944 1596093916590747723
2945 1629738754694677034
2946 1665762157880620141
2947 1700657893822864097
2948 1738030559526268226
2949 1774129356112889598
2950 1812882050368538820
2951 1850305171164664753
2952 1890408548346190751
2953 1929184168472763371
2954 1970748793262697375
2955 2010840315817092878
2956 2053920425786976426
2957 2095441726501926402
2958 2139977296464687097
2959 2182980617908451757
2960 2229118684556223347
2961 2273535637866847012
2962 2321309962909124261
2963 2367291642645474272
2964 2416656576536475735
2965 2464233737361596591
2966 2515326891447083854
2967 2564445121055291255
2968 2617328848314831476
2969 2668129370287043832
2970 2722719420615756475
2971 2775262992515443527
2972 2831742360041637368
2973 2885933230325128386
2974 2944338200447540427
2975 3000364597675981763
2976 3060628619985596775
2977 3118523538222012267
2978 3180816139551387541
2979 3240501675349133401
2980 3304895110383817901
2981 3366546205482198119
2982 3432925342808908647
2983 3496611001926609897
2984 3565201629563557100
2985 3630792946612355094
2986 3701634155585646155
2987 3769363768564667180
2988 3842361243781273620
2989 3912263505358686124
2990 3987626113101470678
2991 4059594031227768139
2992 4137405121154235776
2993 4211652844728750897
2994 4291757729666993936
2995 4368364854299775133
2996 4451041391752898977
2997 4529837180489798061
2998 4615125569686705542
2999 4696395426399559525
3000 4784167929764408516
3001 4867947578100945154
3002 4958459931072206087
3003 5044604553870397691
3004 5137951371925246028
3005 5226723486257796164
3006 5322702420308370547
3007 5414193134614921801
3008 5513142152023011500
3009 5607128589076646653
3010 5709090019422703907
3011 5805921024875461178
3012 5910725336660122627
3013 6010435954996172811
3014 6118393556342060808
3015 6220793955912498079
3016 6332013193691913845
3017 6437423046021369600
3018 6551640926833356754
3019 6660163009763701627
3020 6777791101098898298
3021 6889140215197208915
3022 7010221784736469159
3023 7124819932993137002
3024 7249133110774342693
3025 7367015462549032184
3026 7494936431469155680
3027 7615858375764636520
3028 7747508303722804596
3029 7871855326462093443
3030 8006900590888214308
3031 8134789762083774332
3032 8273727662433665053
3033 8404796088871868078
3034 8547669128161256933
3035 8682427506487238256
3036 8828951583865633191
3037 8967434061209181154
3038 9118059916021413352
3039 9259953739805835455
3040 9414819372149916506
3041 9560589487030183432
3042 9719276003944980552
3043 9869051945038037450
3044 10032155704034413368
3045 10185485004311270509
3046 10353047736169608843
3047 10510544226730441549
3048 10682204622267852830
3049 10843898547643914341
3050 11020197171011289204
3051 11185696673804670861
3052 11366789656556381108
3053 11536648278494660530
3054 11722013520356567698
3055 11896378595116362326
3056 12086729776489317229
3057 12265041532788097327
3058 12460415123613746623
3059 12643405481566687887
3060 12843351492829040844
3061 13031047424914393922
3062 13236210902961414696
3063 13428122838532859058
3064 13638676954583621001
3065 13835465887017337909
3066 14050769435356710699
3067 14252600752182829226
3068 14473498957492181859
3069 14679685223691961264
3070 14906211867463832195
3071 15117623658522142999
3072 15349223967958690802
3073 15565878963037752711
3074 15803315040918104352
3075 16024613728936144739
3076 16268081168015250020
3077 16494807633504864300
3078 16743520220488914545
3079 16975857483137410063
3080 17230817281611852332
3081 17467931092981275418
3082 17729166587801648841
3083 17972082915762997279
3084 18238913695961359411
3085 18487643343073572548
3086 18760969989561785563
3087 19014784290651436006
3088 19294820263563575398
3089 19554641494732271217
3090 19840439334669302668
3091 20106473125342805638
3092 20399212682894076176
3093 20670449210227280217
3094 20970148586028859335
3095 21247797000916854022
3096 21553633626851631920
3097 21837696048680537104
3098 22150722288618141556
3099 22440316017364404255
3100 22760772036229660407
3101 23056981466344331652
3102 23383731138406211587
3103 23686779726617646725
3104 24021203171975951565
3105 24329886212439563121
3106 24671991914686627174
3107 24987726870218137346
3108 25336521226480462306
3109 25659293526292554291
3110 26016009311548639813
3111 26344765341583727788
3112 26709670486096687698
3113 27045670092566980464
3114 27417408368144913857
3115 27760902889597959226
3116 28141085095421204054
3117 28490645284540519466
3118 28879261176517463668
3119 29236535839117191487
3120 29632403547042092121
3121 29997364574703223839
3122 30401919771918293163
3123 30773307469002879849
3124 31186843216111094135
3125 31566127408566904999
3126 31987042372450916076
3127 32374501660805038031
3128 32804658779423280027
3129 33198603310475944595
3130 33637978117121381805
3131 34040323959075933960
3132 34487520360522224644
3133 34898213092142999573
3134 35354888310691551921
3135 35772446138074440753
3136 36238926991457230629
3137 36665052137525722535
3138 37139448610881731646
3139 37574445591628888659
3140 38058915428762682820
3141 38500804782340260501
3142 38995305794676501828
3143 39446293025644613229
3144 39949177822405287468
3145 40409189816353847735
3146 40922373826410527921
3147 41389675557100654697
3148 41913508707316201578
3149 42390057526394398885
3150 42922337489407745146
3151 43408471301316249056
3152 43951683497197418412
3153 44445087141253773360
3154 44999160677585024930
3155 45502375162358571806
3156 46065389495600331942
3157 46578317766259339053
3158 47152460806509350596
3159 47673075369320853717
3160 48258738973409272752
3161 48789290715890712160
3162 49383917834819081814
3163 49924768263850453530
3164 50531201554992352312
3165 51079671934738297710
3166 51697816745085501047
3167 52256822190556592408
3168 52884436932472796019
3169 53453842181482093985
3170 54093435476294823786
3171 54670896606258887630
3172 55322899597819802608
3173 55910977817285112478
3174 56572431766096636882
3175 57171530772488069870
3176 57845682975767602591
3177 58452717718041891237
3178 59139430006045401570
3179 59757717544972118076
3180 60454408563695229142
3181 61083784719999269592
3182 61793314960670158257
3183 62431063910423858484
3184 63153898700684061187
3185 63802944587740980702
3186 64535686896234233953
3187 65196475812322300593
3188 65942805733464003987
3189 66611791459111616078
3190 67371538580988371337
3191 68052496422065605641
3192 68822699700721295950
3193 69515409501080844502
3194 70299305866207267412
3195 71000665324180810063
3196 71798769671384921409
3197 72512096421057429655
3198 73320509681550609846
3199 74046283938918240342
3200 74869179980209491625
3201 75603360079164623220
3202 76440532732790101538
3203 77187376736506277989
3204 78035430071078458511
3205 78794681206226809654
3206 79657280740713156789
3207 80425402515307754125
3208 81303093743457378109
3209 82083827186368775722
3210 82972182505959651411
3211 83766056533372714412
3212 84669789734264159974
3213 85472195369271139210
3214 86391041420446639332
3215 87206790921473969225
3216 88136897696083472569
3217 88965688474257626221
3218 89911161986078528456
3219 90748969706792110365
3220 91710415215009414940
3221 92561455380489958724
3222 93533861633652018904
3223 94398695612863028072
3224 95387350349056178825
3225 96260773214411858040
3226 97265366308108348320
3227 98152790818997827649
3228 99168938764920349614
3229 100069995392894448943
3230 101102319422124813141
3231 102012469395764200206
3232 103061630310313039064
3233 103985581063627085462
3234 105045914955673628885
3235 105984286697430840893
3236 107061724471214171170
3237 108008664290743304911
3238 109102816578420344885
3239 110064368081911815611
3240 111170308052936369362
3241 112146049691106794952
3242 113268946056304819412
3243 114253749316208075674
3244 115394309923509778319
3245 116393448812617169111
3246 117545317761871862249
3247 118559473940348447777
3248 119729247898534469251
3249 120751839251072315758
3250 121939076741256717115
3251 122976859519758132054
3252 124176039259040761584
3253 125228496273330828796
3254 126445362308169278588
3255 127506763870157029405
3256 128742090263418492023
3257 129818316534933321393
3258 131064971511658996435
3259 132156748860128571600
3260 133422080341348974794
3261 134522067933263874670
3262 135805571861525298200
3263 136921250559796749424
3264 138216741172856350814
3265 139347537780881404496
3266 140661404176057522613
3267 141800928999145575764
3268 143133982905773439812
3269 144288746497928789939
3270 145633053508847298275
3271 146803855622272775389
3272 148167573458272467702
3273 149346217559264699276
3274 150728744057465633530
3275 151923537209340065119
3276 153318000930115202369
3277 154528294137657087920
3278 155941735411008643367
3279 157160414759677517592
3280 158593728401910042581
3281 159828003134311735409
3282 161272391633786733714
3283 162523098795063108844
3284 163987551787558323388
3285 165245623341287861895
3286 166729473318279043657
3287 168004093661006595802
3288 169499684953095831217
3289 170790100730546116745
3290 172305218326138634421
3291 173603562796468986486
3292 175139182410064105991
3293 176453376217395856169
3294 177999748767528114057
3295 179330711662488254969
3296 180897753231951483997
3297 182235481029953815390
3298 183822395267453418137
3299 185176977948339142438
3300 186775334669844056710
3301 188145941227746761417
3302 189764304364207223556
3303 191142222774279579138
3304 192781624149358309173
3305 194175574939047418317
3306 195825287821689842046
3307 197236281287387759871
3308 198907155825669181021
3309 200324152591273515819
3310 202015316301670548408
3311 203449407069067272714
3312 205151587270950219854
3313 206601805864395121541
3314 208324371472301006741
3315 209781166353376245762
3316 211525237907439742011
3317 212998175875197626971
3318 214751936900924795526
3319 216242077567156706043
3320 218017426491803443523
3321 219512685953074045571
3322 221308661008695120821
3323 222821125495197317894
3324 224627533451483523205
3325 226156154847153471741
3326 227983244182608408696
3327 229517574440282469475
3328 231366514774693993729
3329 232916977685944886415
3330 234774854554618818068
3331 236342612309759870364
3332 238222424062943917265
3333 239794217654847069115
3334 241694867534795134607
3335 243283912392349575340
3336 245194280382394698412
3337 246799423912776491072
3338 248730631349186707747
3339 250340442367664228312
3340 252293763506301577545
3341 253919613788665113625
3342 255880984994810023161
3343 257524079793595486131
3344 259507604704968362432
3345 261153526439841704197
3346 263158015114993387455
3347 264821142644415823933
3348 266834435104674715442
3349 268513478796087349097
3350 270547683651864446879
3351 272230220634607029164
3352 274286719822525448904
3353 275985050278105624413
3354 278048514594007636401
3355 279763961894777800664
3356 281849720770540252614
3357 283566643722340871283
3358 285673329814506147707
3359 287407288711150483035
3360 289521731183921093677
3361 291271328025570220615
3362 293406657989825321357
3363 295158378484908878059
3364 297316042539607907473
3365 299083224297756887722
3366 301246633684012534074
3367 303030716728608594332
3368 305216390862584428047
3369 307000407374652788551
3370 309206889242654710462
3371 311007688333450612094
3372 313220732090086009404
3373 315036736657679538808
3374 317270490154222410425
3375 319087113215489452531
3376 321343148286686797198
3377 323174816807832847922
3378 325435156040095171656
3379 327283365849311831304
3380 329565860703125410605
3381 331412325869320357304
3382 333715397834185270734
3383 335578227747877367009
3384 337886478642359287463
3385 339763996892035875052
3386 342092679596989511438
3387 343969187325906201394
3388 346319922253339959589
3389 348210901523992927135
3390 350564358809749883509
3391 352471447129689717687
3392 354846849547912159428
3393 356750298225302758974
3394 359145894740974033560
3395 361065211964039551101
3396 363464457489104896997
3397 365397851871192793972
3398 367817077464135305288
3399 369747641050991164173
3400 372188596943664401388
3401 374132981460420554052
3402 376574931742125429723
3403 378534813333776679129
3404 380998335771203038082
3405 382952573393189327901
3406 385435805937123747576
3407 387405327567745989327
3408 389890463748058312629
3409 391873298856125440828
3410 394377856996395397514
3411 396355922103696722576
3412 398881800140486804482
3413 400872859473759271005
3414 403397795082565824732
3415 405403675360913332560
3416 407949715843540412217
3417 409947811422310238959
3418 412512885045143877570
3419 414525541543558815694
3420 417090647297586635893
3421 419115770672288892376
3422 421699649400873493265
3423 423717856550090068154
3424 426322463861283389654
3425 428352764246997374357
3426 430954373487544647868
3427 432998738585293167302
3428 435620789868816315339
3429 437655055494749093259
3430 440295371825733732681
3431 442343391279191804732
3432 444981739378034577761
3433 447041214713530121159
3434 449697513326457197525
3435 451747825569664927252
3436 454424184224792389117
3437 456485608764989775355
3438 459156675665662756314
3439 461231258551241191741
3440 463922033985771099659
3441 465984103962076739928
3442 468692274980420149669
3443 470767132737157120360
3444 473471135862393679741
3445 475556363227492519748
3446 478277402342944533582
3447 480351138566094385338
3448 483091373987010237988
3449 485175088841113467120
3450 487907645058407595170
3451 490003548353665179592
3452 492754976878512366814
3453 494835754958891534391
3454 497603552118045180077
3455 499696095560285912391
3456 502457417804225757553
3457 504559192737719937170
3458 507336440284206872330
3459 509424217314618646349
3460 512219718873205846555
3461 514316299609646352099
3462 517101625412799955302
3463 519209254680284051307
3464 522012460061681832703
3465 524102284653283504858
3466 526920738621810259561
3467 529021249643152612145
3468 531830728655433089347
3469 533939186619432883880
3470 536763405922877199215
3471 538855310446298143086
3472 541696762733209484856
3473 543796113872962372638
3474 546624710479775372852
3475 548733947462895909832
3476 551579359346663138769
3477 553668048661295927970
3478 556527410632593885178
3479 558625569966547127902
3480 561473366018958217954
3481 563578148060990929633
3482 566439441216423608871
3483 568524943849678099514
3484 571402281581508242153
3485 573493858941428367512
3486 576355589063445728277
3487 578455833849876824363
3488 581333127027847800035
3489 583409956841147234894
3490 586299844822128920614
3491 588384894448889165727
3492 591260573388102980892
3493 593350765559060209376
3494 596238521721760286115
3495 598306684684526666366
3496 601209257550887770647
3497 603282094215714075230
3498 606166116829931303058
3499 608246293397146880107
3500 611144577899163365638
3501 613198436695823498970
3502 616107904301656480828
3503 618168602900237993825
3504 621061063525621992303
3505 623125409283643559826
3506 626028499146022476738
3507 628068049182188686170
3508 630984533697350283025
3509 633027233067999470892
3510 635922211409642943394
3511 637970914227894375862
3512 640878804677445653508
3513 642898170803507584894
3514 645815680289996884692
3515 647840490824657488731
3516 650738164175685745759
3517 652765141022906007879
3518 655671821163586753905
3519 657671129206145008815
3520 660589772961388139197
3521 662590710470773902956
3522 665484852797878274693
3523 667490319778171203185
3524 670395901005818635873
3525 672369036127718003933
3526 675282645625996823582
3527 677259852646075584834
3528 680150645853592852820
3529 682128416395482018266
3530 685026578323365777747
3531 686973860130528747089
3532 689882527728236672636
3533 691829792315592893169
3534 694710863156258384143
3535 696661208846799225220
3536 699552211036904852583
3537 701467268903384527753
3538 704364573620570155073
3539 706282232923285458399
3540 709153755829767236952
3541 711070423586193575634
3542 713947667838429913976
3543 715830912314145430834
3544 718717075025921809178
3545 720598714744319191456
3546 723454209936953164633
3547 725337510615737630981
3548 728201301463684022675
3549 730046299656849909719
3550 732914655207121577711
3551 734760825465068100180
3552 737600483049185580535
3553 739444001295025195247
3554 742287609592670327505
3555 744094872477581243977
3556 746945822184038562507
3557 748749921299519595923
3558 751567027379577287493
3559 753371308095581142375
3560 756195093742150305254
3561 757958142982365197373
3562 760784796038201600475
3563 762547487247525427392
3564 765342429943037734335
3565 767100875185554088692
3566 769898048654563662550
3567 771617501768909834358
3568 774420303240384607947
3569 776134990415497196900
3570 778900845448822748657
3571 780614283194915217976
3572 783385226342237079226
3573 785054484036080358975
3574 787826497631285796816
3575 789493942150888824430
3576 792231336033534364616
3577 793893013907785766157
3578 796630782612688932358
3579 798250712063741179118
3580 800992467365651563404
3581 802606110829119938414
3582 805307905941906341252
3583 806918814607827641378
3584 809624014089003549373
3585 811187917055809821329
3586 813892441523300595495
3587 815453187619586704492
3588 818120119526960376217
3589 819673530140192097350
3590 822339067406313771838
3591 823848119480463794501
3592 826516036222145619356
3593 828017219812791318720
3594 830642163819177661078
3595 832139227579028749301
3596 834765955090798171378
3597 836213368348303051761
3598 838837582865175901826
3599 840280430411709086760
3600 842864209013829357827
3601 844298291927173581392
3602 846878981613580385274
3603 848266094727780509740
3604 850847506399244880005
3605 852225292251068261551
3606 854760837841895137799
3607 856133232645651098058
3608 858668876443532172959
3609 859989010943819255750
3610 862520395319518190005
3611 863834702335347721004
3612 866322955070631331275
3613 867627002832046278702
3614 870110417253501029776
3615 871365102130600282204
3616 873847673486642689348
3617 875091700143179349057
3618 877525534119729011601
3619 878762876403040255888
3620 881195203368995740350
3621 882377883968823340481
3622 884804333575574706112
3623 885979889250749505749
3624 888360523610611559397
3625 889524502150963325636
3626 891898659099008390440
3627 893011069396870642850
3628 895382753044829029731
3629 896483196040437475435
3630 898803465106885088206
3631 899896071626337687750
3632 902213368489324885564
3633 903248963600399628408
3634 905558709376414634514
3635 906586033663382477584
3636 908847503600040296191
3637 909862091486710616848
3638 912115396410161512402
3639 913076311050299450731
3640 915325638109163783763
3641 916273419837249174624
3642 918468863323799949948
3643 919407669647002537900
3644 921598640852916482023
3645 922478337291439362433
3646 924660252243461711821
3647 925530696354757323572
3648 927661889656618633030
3649 928518446620165742711
3650 930639966988820269906
3651 931440993459089579968
3652 933557169042020823766
3653 934343923471965516861
3654 936403816910793618963
3655 937180610240743355078
3656 939234677198293766366
3657 939950559725304320710
3658 941994037735248448951
3659 942699697082598716280
3660 944690272816166789743
3661 945381084535282722205
3662 947360612432150058022
3663 947994124909400957474
3664 949966958683429910338
3665 950585255451608974020
3666 952499662079246906166
3667 953107222513192279908
3668 955014428384671745505
3669 955559367224656695604
3670 957454626569731941765
3671 957988587702913292096
3672 959829018089577037838
3673 960347187922325434865
3674 962175231097629480815
3675 962634621898945088821
3676 964454763434191627822
3677 964898199073452877321
3678 966657885445679631495
3679 967089835934574775346
3680 968841118556517419299
3681 969209067790301515015
3682 970947231218800021673
3683 971303441250177740393
3684 972984949854289418430
3685 973324665282005235320
3686 974992636990432637977
3687 975272387901812228837
3688 976931278713457417606
3689 977194372443380838620
3690 978791049169471584589
3691 979042115378540996184
3692 980629401785011260126
3693 980815217713736263525
3694 982388229822958498428
3695 982561787798133874912
3696 984076604344049063195
3697 984233161109747164479
3698 985733304468743979400
3699 985828877002369583325
3700 987318955740755991973
3701 987397391022096945112
3702 988823832617132307787
3703 988889723771352419550
3704 990305784495342140095
3705 990305502435493520107
3706 991706374339845910680
3707 991693527690284312316
3708 993034778673719071897
3709 993004504854271751748
3710 994330161061730770967
3711 994238179970658565358
3712 995552987924283928593
3713 995443465623917313917
3714 996693348966600026040
3715 996570988295118802745
3716 997809733924718202738
3717 997620613739258108992
3718 998843263089156406838
3719 998641314456715303337
3720 999803265127659722129
3721 999583692234874104564
3722 1000729347558189108485
3723 1000447514873145447008
3724 1001581571288732146063
3725 1001282001450164062401
3726 1002350175186508380316
3727 1002037730211030005014
3728 1003094036995001372797
3729 1002714405563515017603
3730 1003753964418440817616
3731 1003361468661299710309
3732 1004339545676609650301
3733 1003929281074939801121
3734 1004890436628724702266
3735 1004417694926914066047
3736 1005366718306166407960
3737 1004876313899759622533
3738 1005758648804808159909
3739 1005255348611506260045
3740 1006125310942249243081
3741 1005554772141380583201
3742 1006407567907049851539
3743 1005824166144003211610
3744 1006614875895765499441
3745 1006013802041183887218
3746 1006787172922212513156
3747 1006123743106574867362
3748 1006884514136971120830
3749 1006203551952471903190
3750 1006897169461112943866
3751 1006203551952471903190
3752 1006884514136971120830
3753 1006123743106574867362
3754 1006787172922212513156
3755 1006013802041183887218
3756 1006614875895765499441
3757 1005824166144003211610
3758 1006407567907049851539
3759 1005554772141380583201
3760 1006125310942249243081
3761 1005255348611506260045
3762 1005758648804808159909
3763 1004876313899759622533
3764 1005366718306166407960
3765 1004417694926914066047
3766 1004890436628724702266
3767 1003929281074939801121
3768 1004339545676609650301
3769 1003361468661299710309
3770 1003753964418440817616
3771 1002714405563515017603
3772 1003094036995001372797
3773 1002037730211030005014
3774 1002350175186508380316
3775 1001282001450164062401
3776 1001581571288732146063
3777 1000447514873145447008
3778 1000729347558189108485
3779 999583692234874104564
3780 999803265127659722129
3781 998641314456715303337
3782 998843263089156406838
3783 997620613739258108992
3784 997809733924718202738
3785 996570988295118802745
3786 996693348966600026040
3787 995443465623917313917
3788 995552987924283928593
3789 994238179970658565358
3790 994330161061730770967
3791 993004504854271751748
3792 993034778673719071897
3793 991693527690284312316
3794 991706374339845910680
3795 990305502435493520107
3796 990305784495342140095
3797 988889723771352419550
3798 988823832617132307787
3799 987397391022096945112
3800 987318955740755991973
3801 985828877002369583325
3802 985733304468743979400
3803 984233161109747164479
3804 984076604344049063195
3805 982561787798133874912
3806 982388229822958498428
3807 980815217713736263525
3808 980629401785011260126
3809 979042115378540996184
3810 978791049169471584589
3811 977194372443380838620
3812 976931278713457417606
3813 975272387901812228837
3814 974992636990432637977
3815 973324665282005235320
3816 972984949854289418430
3817 971303441250177740393
3818 970947231218800021673
3819 969209067790301515015
3820 968841118556517419299
3821 967089835934574775346
3822 966657885445679631495
3823 964898199073452877321
3824 964454763434191627822
3825 962634621898945088821
3826 962175231097629480815
3827 960347187922325434865
3828 959829018089577037838
3829 957988587702913292096
3830 957454626569731941765
3831 955559367224656695604
3832 955014428384671745505
3833 953107222513192279908
3834 952499662079246906166
3835 950585255451608974020
3836 949966958683429910338
3837 947994124909400957474
3838 947360612432150058022
3839 945381084535282722205
3840 944690272816166789743
3841 942699697082598716280
3842 941994037735248448951
3843 939950559725304320710
3844 939234677198293766366
3845 937180610240743355078
3846 936403816910793618963
3847 934343923471965516861
3848 933557169042020823766
3849 931440993459089579968
3850 930639966988820269906
3851 928518446620165742711
3852 927661889656618633030
3853 925530696354757323572
3854 924660252243461711821
3855 922478337291439362433
3856 921598640852916482023
3857 919407669647002537900
3858 918468863323799949948
3859 916273419837249174624
3860 915325638109163783763
3861 913076311050299450731
3862 912115396410161512402
3863 909862091486710616848
3864 908847503600040296191
3865 906586033663382477584
3866 905558709376414634514
3867 903248963600399628408
3868 902213368489324885564
3869 899896071626337687750
3870 898803465106885088206
3871 896483196040437475435
3872 895382753044829029731
3873 893011069396870642850
3874 891898659099008390440
3875 889524502150963325636
3876 888360523610611559397
3877 885979889250749505749
3878 884804333575574706112
3879 882377883968823340481
3880 881195203368995740350
3881 878762876403040255888
3882 877525534119729011601
3883 875091700143179349057
3884 873847673486642689348
3885 871365102130600282204
3886 870110417253501029776
3887 867627002832046278702
3888 866322955070631331275
3889 863834702335347721004
3890 862520395319518190005
3891 859989010943819255750
3892 858668876443532172959
3893 856133232645651098058
3894 854760837841895137799
3895 852225292251068261551
3896 850847506399244880005
3897 848266094727780509740
3898 846878981613580385274
3899 844298291927173581392
3900 842864209013829357827
3901 840280430411709086760
3902 838837582865175901826
3903 836213368348303051761
3904 834765955090798171378
3905 832139227579028749301
3906 830642163819177661078
3907 828017219812791318720
3908 826516036222145619356
3909 823848119480463794501
3910 822339067406313771838
3911 819673530140192097350
3912 818120119526960376217
3913 815453187619586704492
3914 813892441523300595495
3915 811187917055809821329
3916 809624014089003549373
3917 806918814607827641378
3918 805307905941906341252
3919 802606110829119938414
3920 800992467365651563404
3921 798250712063741179118
3922 796630782612688932358
3923 793893013907785766157
3924 792231336033534364616
3925 789493942150888824430
3926 787826497631285796816
3927 785054484036080358975
3928 783385226342237079226
3929 780614283194915217976
3930 778900845448822748657
3931 776134990415497196900
3932 774420303240384607947
3933 771617501768909834358
3934 769898048654563662550
3935 767100875185554088692
3936 765342429943037734335
3937 762547487247525427392
3938 760784796038201600475
3939 757958142982365197373
3940 756195093742150305254
3941 753371308095581142375
3942 751567027379577287493
3943 748749921299519595923
3944 746945822184038562507
3945 744094872477581243977
3946 742287609592670327505
3947 739444001295025195247
3948 737600483049185580535
3949 734760825465068100180
3950 732914655207121577711
3951 730046299656849909719
3952 728201301463684022675
3953 725337510615737630981
3954 723454209936953164633
3955 720598714744319191456
3956 718717075025921809178
3957 715830912314145430834
3958 713947667838429913976
3959 711070423586193575634
3960 709153755829767236952
3961 706282232923285458399
3962 704364573620570155073
3963 701467268903384527753
3964 699552211036904852583
3965 696661208846799225220
3966 694710863156258384143
3967 691829792315592893169
3968 689882527728236672636
3969 686973860130528747089
3970 685026578323365777747
3971 682128416395482018266
3972 680150645853592852820
3973 677259852646075584834
3974 675282645625996823582
3975 672369036127718003933
3976 670395901005818635873
3977 667490319778171203185
3978 665484852797878274693
3979 662590710470773902956
3980 660589772961388139197
3981 657671129206145008815
3982 655671821163586753905
3983 652765141022906007879
3984 650738164175685745759
3985 647840490824657488731
3986 645815680289996884692
3987 642898170803507584894
3988 640878804677445653508
3989 637970914227894375862
3990 635922211409642943394
3991 633027233067999470892
3992 630984533697350283025
3993 628068049182188686170
3994 626028499146022476738
3995 623125409283643559826
3996 621061063525621992303
3997 618168602900237993825
3998 616107904301656480828
3999 613198436695823498970
4000 611144577899163365638
4001 608246293397146880107
4002 606166116829931303058
4003 603282094215714075230
4004 601209257550887770647
4005 598306684684526666366
4006 596238521721760286115
4007 593350765559060209376
4008 591260573388102980892
4009 588384894448889165727
4010 586299844822128920614
4011 583409956841147234894
4012 581333127027847800035
4013 578455833849876824363
4014 576355589063445728277
4015 573493858941428367512
4016 571402281581508242153
4017 568524943849678099514
4018 566439441216423608871
4019 563578148060990929633
4020 561473366018958217954
4021 558625569966547127902
4022 556527410632593885178
4023 553668048661295927970
4024 551579359346663138769
4025 548733947462895909832
4026 546624710479775372852
4027 543796113872962372638
4028 541696762733209484856
4029 538855310446298143086
4030 536763405922877199215
4031 533939186619432883880
4032 531830728655433089347
4033 529021249643152612145
4034 526920738621810259561
4035 524102284653283504858
4036 522012460061681832703
4037 519209254680284051307
4038 517101625412799955302
4039 514316299609646352099
4040 512219718873205846555
4041 509424217314618646349
4042 507336440284206872330
4043 504559192737719937170
4044 502457417804225757553
4045 499696095560285912391
4046 497603552118045180077
4047 494835754958891534391
4048 492754976878512366814
4049 490003548353665179592
4050 487907645058407595170
4051 485175088841113467120
4052 483091373987010237988
4053 480351138566094385338
4054 478277402342944533582
4055 475556363227492519748
4056 473471135862393679741
4057 470767132737157120360
4058 468692274980420149669
4059 465984103962076739928
4060 463922033985771099659
4061 461231258551241191741
4062 459156675665662756314
4063 456485608764989775355
4064 454424184224792389117
4065 451747825569664927252
4066 449697513326457197525
4067 447041214713530121159
4068 444981739378034577761
4069 442343391279191804732
4070 440295371825733732681
4071 437655055494749093259
4072 435620789868816315339
4073 432998738585293167302
4074 430954373487544647868
4075 428352764246997374357
4076 426322463861283389654
4077 423717856550090068154
4078 421699649400873493265
4079 419115770672288892376
4080 417090647297586635893
4081 414525541543558815694
4082 412512885045143877570
4083 409947811422310238959
4084 407949715843540412217
4085 405403675360913332560
4086 403397795082565824732
4087 400872859473759271005
4088 398881800140486804482
4089 396355922103696722576
4090 394377856996395397514
4091 391873298856125440828
4092 389890463748058312629
4093 387405327567745989327
4094 385435805937123747576
4095 382952573393189327901
4096 380998335771203038082
4097 378534813333776679129
4098 376574931742125429723
4099 374132981460420554052
4100 372188596943664401388
4101 369747641050991164173
4102 367817077464135305288
4103 365397851871192793972
4104 363464457489104896997
4105 361065211964039551101
4106 359145894740974033560
4107 356750298225302758974
4108 354846849547912159428
4109 352471447129689717687
4110 350564358809749883509
4111 348210901523992927135
4112 346319922253339959589
4113 343969187325906201394
4114 342092679596989511438
4115 339763996892035875052
4116 337886478642359287463
4117 335578227747877367009
4118 333715397834185270734
4119 331412325869320357304
4120 329565860703125410605
4121 327283365849311831304
4122 325435156040095171656
4123 323174816807832847922
4124 321343148286686797198
4125 319087113215489452531
4126 317270490154222410425
4127 315036736657679538808
4128 313220732090086009404
4129 311007688333450612094
4130 309206889242654710462
4131 307000407374652788551
4132 305216390862584428047
4133 303030716728608594332
4134 301246633684012534074
4135 299083224297756887722
4136 297316042539607907473
4137 295158378484908878059
4138 293406657989825321357
4139 291271328025570220615
4140 289521731183921093677
4141 287407288711150483035
4142 285673329814506147707
4143 283566643722340871283
4144 281849720770540252614
4145 279763961894777800664
4146 278048514594007636401
4147 275985050278105624413
4148 274286719822525448904
4149 272230220634607029164
4150 270547683651864446879
4151 268513478796087349097
4152 266834435104674715442
4153 264821142644415823933
4154 263158015114993387455
4155 261153526439841704197
4156 259507604704968362432
4157 257524079793595486131
4158 255880984994810023161
4159 253919613788665113625
4160 252293763506301577545
4161 250340442367664228312
4162 248730631349186707747
4163 246799423912776491072
4164 245194280382394698412
4165 243283912392349575340
4166 241694867534795134607
4167 239794217654847069115
4168 238222424062943917265
4169 236342612309759870364
4170 234774854554618818068
4171 232916977685944886415
4172 231366514774693993729
4173 229517574440282469475
4174 227983244182608408696
4175 226156154847153471741
4176 224627533451483523205
4177 222821125495197317894
4178 221308661008695120821
4179 219512685953074045571
4180 218017426491803443523
4181 216242077567156706043
4182 214751936900924795526
4183 212998175875197626971
4184 211525237907439742011
4185 209781166353376245762
4186 208324371472301006741
4187 206601805864395121541
4188 205151587270950219854
4189 203449407069067272714
4190 202015316301670548408
4191 200324152591273515819
4192 198907155825669181021
4193 197236281287387759871
4194 195825287821689842046
4195 194175574939047418317
4196 192781624149358309173
4197 191142222774279579138
4198 189764304364207223556
4199 188145941227746761417
4200 186775334669844056710
4201 185176977948339142438
4202 183822395267453418137
4203 182235481029953815390
4204 180897753231951483997
4205 179330711662488254969
4206 177999748767528114057
4207 176453376217395856169
4208 175139182410064105991
4209 173603562796468986486
4210 172305218326138634421
4211 170790100730546116745
4212 169499684953095831217
4213 168004093661006595802
4214 166729473318279043657
4215 165245623341287861895
4216 163987551787558323388
4217 162523098795063108844
4218 161272391633786733714
4219 159828003134311735409
4220 158593728401910042581
4221 157160414759677517592
4222 155941735411008643367
4223 154528294137657087920
4224 153318000930115202369
4225 151923537209340065119
4226 150728744057465633530
4227 149346217559264699276
4228 148167573458272467702
4229 146803855622272775389
4230 145633053508847298275
4231 144288746497928789939
4232 143133982905773439812
4233 141800928999145575764
4234 140661404176057522613
4235 139347537780881404496
4236 138216741172856350814
4237 136921250559796749424
4238 135805571861525298200
4239 134522067933263874670
4240 133422080341348974794
4241 132156748860128571600
4242 131064971511658996435
4243 129818316534933321393
4244 128742090263418492023
4245 127506763870157029405
4246 126445362308169278588
4247 125228496273330828796
4248 124176039259040761584
4249 122976859519758132054
4250 121939076741256717115
4251 120751839251072315758
4252 119729247898534469251
4253 118559473940348447777
4254 117545317761871862249
4255 116393448812617169111
4256 115394309923509778319
4257 114253749316208075674
4258 113268946056304819412
4259 112146049691106794952
4260 111170308052936369362
4261 110064368081911815611
4262 109102816578420344885
4263 108008664290743304911
4264 107061724471214171170
4265 105984286697430840893
4266 105045914955673628885
4267 103985581063627085462
4268 103061630310313039064
4269 102012469395764200206
4270 101102319422124813141
4271 100069995392894448943
4272 99168938764920349614
4273 98152790818997827649
4274 97265366308108348320
4275 96260773214411858040
4276 95387350349056178825
4277 94398695612863028072
4278 93533861633652018904
4279 92561455380489958724
4280 91710415215009414940
4281 90748969706792110365
4282 89911161986078528456
4283 88965688474257626221
4284 88136897696083472569
4285 87206790921473969225
4286 86391041420446639332
4287 85472195369271139210
4288 84669789734264159974
4289 83766056533372714412
4290 82972182505959651411
4291 82083827186368775722
4292 81303093743457378109
4293 80425402515307754125
4294 79657280740713156789
4295 78794681206226809654
4296 78035430071078458511
4297 77187376736506277989
4298 76440532732790101538
4299 75603360079164623220
4300 74869179980209491625
4301 74046283938918240342
4302 73320509681550609846
4303 72512096421057429655
4304 71798769671384921409
4305 71000665324180810063
4306 70299305866207267412
4307 69515409501080844502
4308 68822699700721295950
4309 68052496422065605641
4310 67371538580988371337
4311 66611791459111616078
4312 65942805733464003987
4313 65196475812322300593
4314 64535686896234233953
4315 63802944587740980702
4316 63153898700684061187
4317 62431063910423858484
4318 61793314960670158257
4319 61083784719999269592
4320 60454408563695229142
4321 59757717544972118076
4322 59139430006045401570
4323 58452717718041891237
4324 57845682975767602591
4325 57171530772488069870
4326 56572431766096636882
4327 55910977817285112478
4328 55322899597819802608
4329 54670896606258887630
4330 54093435476294823786
4331 53453842181482093985
4332 52884436932472796019
4333 52256822190556592408
4334 51697816745085501047
4335 51079671934738297710
4336 50531201554992352312
4337 49924768263850453530
4338 49383917834819081814
4339 48789290715890712160
4340 48258738973409272752
4341 47673075369320853717
4342 47152460806509350596
4343 46578317766259339053
4344 46065389495600331942
4345 45502375162358571806
4346 44999160677585024930
4347 44445087141253773360
4348 43951683497197418412
4349 43408471301316249056
4350 42922337489407745146
4351 42390057526394398885
4352 41913508707316201578
4353 41389675557100654697
4354 40922373826410527921
4355 40409189816353847735
4356 39949177822405287468
4357 39446293025644613229
4358 38995305794676501828
4359 38500804782340260501
4360 38058915428762682820
4361 37574445591628888659
4362 37139448610881731646
4363 36665052137525722535
4364 36238926991457230629
4365 35772446138074440753
4366 35354888310691551921
4367 34898213092142999573
4368 34487520360522224644
4369 34040323959075933960
4370 33637978117121381805
4371 33198603310475944595
4372 32804658779423280027
4373 32374501660805038031
4374 31987042372450916076
4375 31566127408566904999
4376 31186843216111094135
4377 30773307469002879849
4378 30401919771918293163
4379 29997364574703223839
4380 29632403547042092121
4381 29236535839117191487
4382 28879261176517463668
4383 28490645284540519466
4384 28141085095421204054
4385 27760902889597959226
4386 27417408368144913857
4387 27045670092566980464
4388 26709670486096687698
4389 26344765341583727788
4390 26016009311548639813
4391 25659293526292554291
4392 25336521226480462306
4393 24987726870218137346
4394 24671991914686627174
4395 24329886212439563121
4396 24021203171975951565
4397 23686779726617646725
4398 23383731138406211587
4399 23056981466344331652
4400 22760772036229660407
4401 22440316017364404255
4402 22150722288618141556
4403 21837696048680537104
4404 21553633626851631920
4405 21247797000916854022
4406 20970148586028859335
4407 20670449210227280217
4408 20399212682894076176
4409 20106473125342805638
4410 19840439334669302668
4411 19554641494732271217
4412 19294820263563575398
4413 19014784290651436006
4414 18760969989561785563
4415 18487643343073572548
4416 18238913695961359411
4417 17972082915762997279
4418 17729166587801648841
4419 17467931092981275418
4420 17230817281611852332
4421 16975857483137410063
4422 16743520220488914545
4423 16494807633504864300
4424 16268081168015250020
4425 16024613728936144739
4426 15803315040918104352
4427 15565878963037752711
4428 15349223967958690802
4429 15117623658522142999
4430 14906211867463832195
4431 14679685223691961264
4432 14473498957492181859
4433 14252600752182829226
4434 14050769435356710699
4435 13835465887017337909
4436 13638676954583621001
4437 13428122838532859058
4438 13236210902961414696
4439 13031047424914393922
4440 12843351492829040844
4441 12643405481566687887
4442 12460415123613746623
4443 12265041532788097327
4444 12086729776489317229
4445 11896378595116362326
4446 11722013520356567698
4447 11536648278494660530
4448 11366789656556381108
4449 11185696673804670861
4450 11020197171011289204
4451 10843898547643914341
4452 10682204622267852830
4453 10510544226730441549
4454 10353047736169608843
4455 10185485004311270509
4456 10032155704034413368
4457 9869051945038037450
4458 9719276003944980552
4459 9560589487030183432
4460 9414819372149916506
4461 9259953739805835455
4462 9118059916021413352
4463 8967434061209181154
4464 8828951583865633191
4465 8682427506487238256
4466 8547669128161256933
4467 8404796088871868078
4468 8273727662433665053
4469 8134789762083774332
4470 8006900590888214308
4471 7871855326462093443
4472 7747508303722804596
4473 7615858375764636520
4474 7494936431469155680
4475 7367015462549032184
4476 7249133110774342693
4477 7124819932993137002
4478 7010221784736469159
4479 6889140215197208915
4480 6777791101098898298
4481 6660163009763701627
4482 6551640926833356754
4483 6437423046021369600
4484 6332013193691913845
4485 6220793955912498079
4486 6118393556342060808
4487 6010435954996172811
4488 5910725336660122627
4489 5805921024875461178
4490 5709090019422703907
4491 5607128589076646653
4492 5513142152023011500
4493 5414193134614921801
4494 5322702420308370547
4495 5226723486257796164
4496 5137951371925246028
4497 5044604553870397691
4498 4958459931072206087
4499 4867947578100945154
4500 4784167929764408516
4501 4696395426399559525
4502 4615125569686705542
4503 4529837180489798061
4504 4451041391752898977
4505 4368364854299775133
4506 4291757729666993936
4507 4211652844728750897
4508 4137405121154235776
4509 4059594031227768139
4510 3987626113101470678
4511 3912263505358686124
4512 3842361243781273620
4513 3769363768564667180
4514 3701634155585646155
4515 3630792946612355094
4516 3565201629563557100
4517 3496611001926609897
4518 3432925342808908647
4519 3366546205482198119
4520 3304895110383817901
4521 3240501675349133401
4522 3180816139551387541
4523 3118523538222012267
4524 3060628619985596775
4525 3000364597675981763
4526 2944338200447540427
4527 2885933230325128386
4528 2831742360041637368
4529 2775262992515443527
4530 2722719420615756475
4531 2668129370287043832
4532 2617328848314831476
4533 2564445121055291255
4534 2515326891447083854
4535 2464233737361596591
4536 2416656576536475735
4537 2367291642645474272
4538 2321309962909124261
4539 2273535637866847012
4540 2229118684556223347
4541 2182980617908451757
4542 2139977296464687097
4543 2095441726501926402
4544 2053920425786976426
4545 2010840315817092878
4546 1970748793262697375
4547 1929184168472763371
4548 1890408548346190751
4549 1850305171164664753
4550 1812882050368538820
4551 1774129356112889598
4552 1738030559526268226
4553 1700657893822864097
4554 1665762157880620141
4555 1629738754694677034
4556 1596093916590747723
4557 1561302477014009501
4558 1528863345756221951
4559 1495344488186897899
4560 1464020114975540536
4561 1431727488874664103
4562 1401540972881248337
4563 1370386004812329773
4564 1341311255573392888
4565 1311311189929714019
4566 1283251959363840598
4567 1254379271614777822
4568 1227367337484488420
4569 1199528452560788570
4570 1173525241582700465
4571 1146746535390884683
4572 1121679817883093051
4573 1095921662816342434
4574 1071804111800412463
4575 1046996116341813124
4576 1023804283545471502
4577 999955000983209061
4578 977612750278390302
4579 954697276253026346
4580 933224528580601380
4581 911169090781817068
4582 890533178217800391
4583 869353333100930753
4584 849496862797615129
4585 829159099431971348
4586 810087535483877573
4587 790536277079542798
4588 772228668829532543
4589 753465980040894098
4590 735862556533664047
4591 717866550501924252
4592 700978609028682323
4593 683691269566904259
4594 667491003661905486
4595 650920266273176682
4596 635362554396744549
4597 619480281101081139
4598 604565513180266292
4599 589327795099273885
4600 575037528338382633
4601 560442326309413998
4602 546730008358359173
4603 532758148010630228
4604 519628692193427734
4605 506234942040164223
4606 493665065893673791
4607 480852061395429622
4608 468806373107238025
4609 456550478121913283
4610 445026132148745222
4611 433292988301423461
4612 422274001304362313
4613 411058935010352495
4614 400509038656812365
4615 389795520288285620
4616 379715501871490733
4617 369468508776217933
4618 359838922267422133
4619 350057435209926938
4620 340850716009837161
4621 331515155124718262
4622 322726578015847950
4623 313810157347235837
4624 305425863758572640
4625 296922517340030333
4626 288914560085309804
4627 280810225393283218
4628 273176676459022708
4629 265444269492805259
4630 258169086908102336
4631 250805473654315610
4632 243867306400331900
4633 236856366709066962
4634 230249454940798991
4635 223570431392564471
4636 217283023816764784
4637 210929352680831817
4638 204939993763539458
4639 198899739700648215
4640 193204983904158687
4641 187457418168095860
4642 182044151390338175
4643 176584986097716731
4644 171436684068154137
4645 166252799786509470
4646 161363467379401297
4647 156438895558136647
4648 151798659957068463
4649 147126831297829814
4650 142719346621455471
4651 138290346134862747
4652 134111474436642339
4653 129909507632732062
4654 125948578719921595
4655 121968952830313300
4656 118213294815567470
4657 114445458146939220
4658 110889294318821551
4659 107320976775075699
4660 103956141775585628
4661 100581244086897610
4662 97395379589900350
4663 94205751003687456
4664 91194532535141553
4665 88178245590302068
4666 85333135776094615
4667 82485580905978586
4668 79796914067820494
4669 77109661412817324
4670 74572182149730373
4671 72035909789477408
4672 69642981229258998
4673 67252265980438717
4674 64994574871573117
4675 62742833164427457
4676 60616288970908842
4677 58494588494050533
4678 56492437114237273
4679 54496525910659401
4680 52611458864005583
4681 50734720719353333
4682 48962173563945334
4683 47197575569789936
4684 45532210609470939
4685 43875125732316433
4686 42310013202812041
4687 40755217333988994
4688 39286703984080929
4689 37827552509108973
4690 36450381663489557
4691 35083173422827616
4692 33791876348864118
4693 32511494564940890
4694 31302234103331416
4695 30103431348791931
4696 28972014826591877
4697 27850983106076693
4698 26792300167840265
4699 25744956168079259
4700 24755906330218846
4701 23777376574180835
4702 22853940655520358
4703 21941139111281098
4704 21079259871399228
4705 20228301051510272
4706 19424878605012792
4707 18631901408868519
4708 17883706265919249
4709 17145666997695859
4710 16448982863300891
4711 15762768197089587
4712 15115073729314711
4713 14477155750944790
4714 13875430527440026
4715 13283338717724280
4716 12724624709278965
4717 12175471631956232
4718 11657346087090915
4719 11148326882413860
4720 10668361787579853
4721 10197132497829788
4722 9752669388590410
4723 9316909725423212
4724 8905972727130692
4725 8503173657863177
4726 8123549801618751
4727 7751809320490624
4728 7401379809772598
4729 7058597486553572
4730 6735534692154500
4731 6419717322286103
4732 6122244762529861
4733 5831646204018835
4734 5557895099173770
4735 5290834477624637
4736 5039320177851267
4737 4794050299056479
4738 4563193336157815
4739 4338302300774747
4740 4126619049942495
4741 3920623561969310
4742 3726785575745260
4743 3538301542660487
4744 3361045134656670
4745 3188819347415325
4746 3026864198493995
4747 2869716410603001
4748 2721990974137654
4749 2578733069558265
4750 2444144451253085
4751 2313772131800631
4752 2191309975394913
4753 2072808017129272
4754 1961542036924736
4755 1853976919226836
4756 1753040446531515
4757 1655547957132516
4758 1564088640424061
4759 1475868013321579
4760 1393145402606268
4761 1313414197238670
4762 1238698878902717
4763 1166772995511252
4764 1099398267230563
4765 1034608310881701
4766 973951288306448
4767 915689222692888
4768 861178493244387
4769 808873349469031
4770 759961402934340
4771 713092536534195
4772 669291507083266
4773 627362350587551
4774 588204796699572
4775 550771516593075
4776 515835270015040
4777 482475365334650
4778 451363052507639
4779 421696336907751
4780 394048518377377
4781 367716600322629
4782 343196433434957
4783 319876773027684
4784 298179328445651
4785 277570822809580
4786 258411339261295
4787 240241568913519
4788 223365385572459
4789 207380948328548
4790 192548527658085
4791 178523787838238
4792 165521235425029
4793 153244045094993
4794 141874725989057
4795 131156543743984
4796 121241605282361
4797 111909845284822
4798 103285896132687
4799 95183798091530
4800 87706250836977
4801 80691241902115
4802 74225097607608
4803 68171542600897
4804 62597780010846
4805 57388647779772
4806 52599967774102
4807 48132635430765
4808 44031738643252
4809 40214005601651
4810 36713880870681
4811 33462464075465
4812 30487031521888
4813 27727789461751
4814 25206995276288
4815 22875414547706
4816 20748427664346
4817 18785362361693
4818 16998425642474
4819 15352783849227
4820 13857704781625
4821 12484545097568
4822 11239172155524
4823 10098427088471
4824 9066464237499
4825 8123285815885
4826 7272011239748
4827 6496559998361
4828 5798090926606
4829 5163638760503
4830 4593884292119
4831 4077790296624
4832 3615588653790
4833 3198416947014
4834 2825723681650
4835 2490530418047
4836 2192139048022
4837 1924580484345
4838 1687178782998
4839 1475252789125
4840 1287771966980
4841 1121065991833
4842 974222049927
4843 844149942601
4844 730033340617
4845 629458319823
4846 541544875692
4847 464448439596
4848 397409857134
4849 338880062605
4850 288238151453
4851 244303770264
4852 206467324894
4853 173833529569
4854 145912933041
4855 121969856880
4856 101613877028
4857 84290532187
4858 69651189662
4859 57287748305
4860 46927039554
4861 38239515267
4862 31018886465
4863 25024862894
4864 20083106817
4865 16020407788
4866 12707912422
4867 10011450490
4868 7837261300
4869 6090406843
4870 4697826781
4871 3594067953
4872 2727547046
4873 2050118024
4874 1526711684
4875 1125138369
4876 819977652
4877 590410720
4878 419873748
4879 294286049
4880 203236009
4881 138073725
4882 92089185
4883 60217260
4884 38545087
4885 24055257
4886 14619689
4887 8625041
4888 4908590
4889 2686439
4890 1407235
4891 696265
4892 323447
4893 139718
4894 54554
4895 18930
4896 5707
4897 1374
4898 231
4899 23
4900 1
