2300 1
2301 22
2302 210
2303 1182
2304 4657
2305 14802
2306 41171
2307 101734
2308 227790
2309 476354
2310 935597
2311 1738710
2312 3100810
2313 5321908
2314 8820745
2315 14215160
2316 22324441
2317 34204396
2318 51362669
2319 75651082
2320 109462926
2321 155933566
2322 218989144
2323 303218774
2324 414996953
2325 561315012
2326 751100223
2327 995156596
2328 1306779539
2329 1700006276
2330 2194844062
2331 2811315922
2332 3575089679
2333 4514984712
2334 5666981494
2335 7066147916
2336 8764008886
2337 10806930468
2338 13258113585
2339 16182286592
2340 19664165179
2341 23775430436
2342 28635094415
2343 34335474996
2344 41015658621
2345 48797959440
2346 57866332920
2347 68349625518
2348 80497076827
2349 94463462838
2350 110538467579
2351 128926613330
2352 149998850285
2353 173945087574
2354 201268050705
2355 232191313218
2356 267284690439
2357 306824388972
2358 351544709745
2359 401673291502
2360 458171508795
2361 521270508052
2362 592074131585
2363 670881940002
2364 759069275769
2365 856768445210
2366 965790744610
2367 1086236626856
2368 1220147036693
2369 1367617200634
2370 1531206786909
2371 1710699708508
2372 1909346754210
2373 2126724009162
2374 2366552911772
2375 2628357944144
2376 2916662561971
2377 3230278963086
2378 3574981389482
2379 3949188894732
2380 4359389342753
2381 4803632660080
2382 5289842261418
2383 5814943420882
2384 6388713673194
2385 7007080541140
2386 7681231551823
2387 8406451983320
2388 9196043077793
2389 10043100146338
2390 10964078367591
2391 11950537233050
2392 13020961071136
2393 14165300418252
2394 15405619362480
2395 16728705148254
2396 18161103111791
2397 19686415261642
2398 21334966471508
2399 23087960723852
2400 24980668357306
2401 26988778410700
2402 29154784030495
2403 31449907445678
2404 33921847025622
2405 36536956065020
2406 39351096551078
2407 42323058803938
2408 45518533628738
2409 48888098026372
2410 52506503276988
2411 56317700432306
2412 60407087243130
2413 64706335836516
2414 69316129017971
2415 74157073661170
2416 79342063780344
2417 84779543840358
2418 90599474682201
2419 96694345609936
2420 103213863723165
2421 110031992787636
2422 117318386402081
2423 124931332116122
2424 133061907649939
2425 141543377535776
2426 150597067231179
2427 160031884733196
2428 170095349130173
2429 180569765055102
2430 191735629216266
2431 203344555154390
2432 215714229006293
2433 228557954188250
2434 242234625326759
2435 256423875131338
2436 271525124912718
2437 287171014338808
2438 303816912226577
2439 321046786350778
2440 339367957802882
2441 358311242829970
2442 378444042620239
2443 399241890976520
2444 421338971172252
2445 444136512666368
2446 468348830650047
2447 493310847138832
2448 519808736969564
2449 547095565430036
2450 576054798208140
2451 605848839380894
2452 637458521310009
2453 669946614730708
2454 704398621409732
2455 739782784720214
2456 777298775460885
2457 815779722147754
2458 856571776598081
2459 898387169995474
2460 942692115892444
2461 988064410650950
2462 1036131607168505
2463 1085311023056510
2464 1137405144928074
2465 1190653648310326
2466 1247033214613174
2467 1304630728350138
2468 1365608395883610
2469 1427821317561642
2470 1493685344253260
2471 1560847186025750
2472 1631914626980120
2473 1704323367382696
2474 1780939581093241
2475 1858926433563002
2476 1941450770135598
2477 2025374221184330
2478 2114140245245766
2479 2204378221279916
2480 2299817949624101
2481 2396709174087752
2482 2499203862839596
2483 2603205954574614
2484 2713165718423245
2485 2824667261530694
2486 2942560049284969
2487 3061984552201312
2488 3188284864811591
2489 3316115129053336
2490 3451237772588504
2491 3587970672667092
2492 3732502972177548
2493 3878550656931548
2494 4032985327470499
2495 4188967095933644
2496 4353816101644201
2497 4520226929510218
2498 4696112319586300
2499 4873476538182836
2500 5061013470353251
2501 5249970710096366
2502 5449655471403936
2503 5650844703035918
2504 5863466354230164
2505 6077368249574572
2506 6303548731457880
2507 6530992449918446
2508 6771346456638618
2509 7012951253457370
2510 7268298874004854
2511 7524689943297028
2512 7795814935621859
2513 8067827397816426
2514 8355300425868352
2515 8643744491131888
2516 8948613227130202
2517 9254024023274252
2518 9577054754699777
2519 9900533467236606
2520 10242440527015015
2521 10584745405577162
2522 10946601706585346
2523 11308446893930984
2524 11691240478351897
2525 12073711682970452
2526 12478061313929030
2527 12882172739252650
2528 13309453948406092
2529 13735768179983532
2530 14186914348825439
2531 14636881329593704
2532 15112691095658686
2533 15587216331685962
2534 16089087719700125
2535 16588956054168548
2536 17118113694793439
2537 17644731971585756
2538 18201798564711826
2539 18756425462782742
2540 19343198654462017
2541 19926370648294332
2542 20543974404048106
2543 21157580599092692
2544 21806869771711124
2545 22451984864568414
2546 23134765891361044
2547 23812206782462902
2548 24529972934936566
2549 25241560905810676
2550 25994877956073173
2551 26742153548845972
2552 27533366244236489
2553 28316752633042132
2554 29147199713260204
2555 29969155544337916
2556 30839691325759598
2557 31701478273843092
2558 32614414325622786
2559 33516831112966142
2560 34473980358790288
2561 35419362182628230
2562 36421144610780838
2563 37411348566040228
2564 38460812822157886
2565 39496048896261032
2566 40594767925329711
2567 41678224739716934
2568 42826947184817452
2569 43960097245980040
2570 45161789561399089
2571 46345312597836164
2572 47602165054127701
2573 48839036912781662
2574 50151202957931143
2575 51443652681175536
2576 52815060483253041
2577 54162944588127148
2578 55595401806097003
2579 57002847845702256
2580 58496898967209412
2581 59965591632062492
2582 61525024900183011
2583 63055377051980068
2584 64682835011255128
2585 66278642004680682
2586 67973827081006356
2587 69637767381123052
2588 71405689691933799
2589 73137072079028280
2590 74979807175075460
2591 76783931072973038
2592 78701666518769546
2593 80580411887995382
2594 82577994248546371
2595 84531350807150154
2596 86611914106888816
2597 88644717840814718
2598 90807252500475332
2599 92922710833400392
2600 95173608858789637
2601 97370227127123786
2602 99711862953162394
2603 101996350899695010
2604 104428364308199821
2605 106802835332443906
2606 109331361705962690
2607 111795170403512230
2608 114423880564932904
2609 116983178703377338
2610 119710068248981126
2611 122368649881431382
2612 125201849303546798
2613 127957037730959486
2614 130899260622161270
2615 133759579523084582
2616 136809622189782648
2617 139777411798819118
2618 142942955959690139
2619 146016693197025312
2620 149302051459282512
2621 152489484107342126
2622 155891327444903492
2623 159196858655929838
2624 162725458298289406
2625 166144862832775906
2626 169803273297360005
2627 173347321332801242
2628 177133097092751555
2629 180804414420718336
2630 184727181248991017
2631 188522948498649924
2632 192587771320839030
2633 196517642449800936
2634 200719432667856133
2635 204788560727606350
2636 209140212110968808
2637 213342352457682914
2638 217847149939568741
2639 222195853081695244
2640 226849758065952331
2641 231347880988921128
2642 236162927997646465
2643 240805864092074866
2644 245788000010601942
2645 250587760903474966
2646 255729552678070411
2647 260692190104801294
2648 266009589095327125
2649 271126286901117390
2650 276622933280624659
2651 281910566510746248
2652 287580298920840913
2653 293041828724056480
2654 298899661480568311
2655 304528232635652712
2656 310581056541512718
2657 316391619615802716
2658 322628869885141809
2659 328628485730213936
2660 335069917440304720
2661 341246461045246038
2662 347896073650141510
2663 354270297123281660
2664 361119316590335460
2665 367694352309859870
2666 374761242125702168
2667 381527396612427480
2668 388819990092566223
2669 395795780574905770
2670 403299695304876553
2671 410493321270025554
2672 418232907892695867
2673 425627865085416322
2674 433607550187642780
2675 441229404869340170
2676 449436989819604174
2677 457289064491822836
2678 465747035009472693
2679 473816112913982072
2680 482533403827742902
2681 490842189849094692
2682 499799795904671964
2683 508357530004544002
2684 517585328810670233
2685 526370385580947890
2686 535873136197127814
2687 544916759421782166
2688 554677773985967408
2689 563983554712144896
2690 574030250787176136
2691 583580528461438446
2692 593923239975759581
2693 603745420873915132
2694 614359419128201074
2695 624464122185308182
2696 635385776369125285
2697 645745133710950636
2698 656979249412106533
2699 667631434237600706
2700 679156069126754776
2701 690104669103394550
2702 701953108711244112
2703 713174795997187572
2704 725358962101165224
2705 736886956220146062
2706 749375220725641563
2707 761221726580201328
2708 774057618151377940
2709 786187379967543104
2710 799376018275653240
2711 811835122597570560
2712 825348267584102173
2713 838140047239463576
2714 852017967487667349
2715 865112391506627558
2716 879368650517458934
2717 892805904237274042
2718 907400163307648655
2719 921194340658273160
2720 936178973258830987
2721 950285841541612742
2722 965666163344878815
2723 980140651759445264
2724 995881074226426186
2725 1010726407868338544
2726 1026875179296337039
2727 1042053640460625434
2728 1058625665226113441
2729 1074185449387748492
2730 1091130494781763918
2731 1107087739004412316
2732 1124468454888780745
2733 1140767830294831598
2734 1158589996597665666
2735 1175297108710374256
2736 1193516040637113946
2737 1210634022160923656
2738 1229306761804931188
2739 1246788854995834016
2740 1265932257517770333
2741 1283835988887401866
2742 1303388255525422692
2743 1321731183839922308
2744 1341766985266690114
2745 1360481477112456326
2746 1381006739008678518
2747 1400170768895106658
2748 1421129790981368495
2749 1440746479177991366
2750 1462206682500902944
2751 1482218466551446846
2752 1504199066069002041
2753 1524673420188376158
2754 1547099388850773095
2755 1568056323249053214
2756 1591015831066868141
2757 1612373209565122208
2758 1635871560474107704
2759 1657721893862657096
2760 1681691054339900189
2761 1704037094176857014
2762 1728556851820557785
2763 1751327757138105498
2764 1776419774484892816
2765 1799695087561333940
2766 1825268932619275462
2767 1849071324177696120
2768 1875229734507045689
2769 1899460971429556796
2770 1926209169836381941
2771 1950977643168596938
2772 1978233604195841327
2773 2003540862879797104
2774 2031398405189019073
2775 2057159152339092042
2776 2085642748967561867
2777 2111950353788595134
2778 2140950531865729631
2779 2167830872369915108
2780 2197467971546536205
2781 2224803942002426818
2782 2255083115527694027
2783 2283000463208134132
2784 2313823893072281204
2785 2342323224765124852
2786 2373800342606305047
2787 2402780188411063268
2788 2434937197652570361
2789 2464506876765617386
2790 2497214192515249210
2791 2527402692531787586
2792 2560800061018162761
2793 2591467738975016580
2794 2625560728954857207
2795 2656853748641933412
2796 2691526208305976709
2797 2723444667155345248
2798 2758822292091346437
2799 2791246254397674754
2800 2827358269912868052
2801 2860414757600934242
2802 2897108770146918230
2803 2930828867800044952
2804 2968267359163924824
2805 3002487201568448858
2806 3040674985682303052
2807 3075563811928234104
2808 3114363003696481534
2809 3149920389377700434
2810 3189476131567465214
2811 3225561503935561752
2812 3265906482597972342
2813 3302664519230243526
2814 3343621127714581617
2815 3381086819224764142
2816 3422842075744194526
2817 3460824705430018402
2818 3503381623588346677
2819 3542076455767892994
2820 3585273597850173799
2821 3624679081761950400
2822 3668683739232984736
2823 3708634185311491772
2824 3753483149099207344
2825 3794145243841874644
2826 3839632328837844777
2827 3881044684716517876
2828 3927382338719079695
2829 3969325224210657004
2830 4016515649480311224
2831 4059212580508456120
2832 4107069116890289482
2833 4150515236074678828
2834 4199229392512511512
2835 4243233099595128028
2836 4292845896431289135
2837 4337597894053096154
2838 4387869395401275547
2839 4433413698600876350
2840 4484586271380758461
2841 4530669409508956984
2842 4582744548269238962
2843 4629619557099545758
2844 4682382967064639331
2845 4730043240888830328
2846 4783713195966662820
2847 4831938666288250832
2848 4886557534261636815
2849 4935566121301668796
2850 4990859361873183779
2851 5040699585016632684
2852 5096942707795935865
2853 5147322850347494428
2854 5204516964098574397
2855 5255723468920731084
2856 5313623197820342282
2857 5365648254893431528
2858 5424498289087763606
2859 5477091256190296404
2860 5536938738873605921
2861 5590346409563767592
2862 5650878114062339386
2863 5705151358367214396
2864 5766680085491812729
2865 5821487302091913110
2866 5884012830907145473
2867 5939678435740092882
2868 6002918620758772914
2869 6059432859236429362
2870 6123663860689954825
2871 6180742504887865678
2872 6246016249739766067
2873 6303934570782942606
2874 6369897761890955219
2875 6428711811669789296
2876 6495715595234229635
2877 6555050742585893646
2878 6623090807758650840
2879 6683312985494720720
2880 6752070228500733735
2881 6813167786031504664
2882 6882952686161353043
2883 6944600414892337864
2884 7015471018274621201
2885 7077978818996276838
2886 7149536523739754885
2887 7212966122647608748
2888 7285601775829341750
2889 7349533101051703398
2890 7423239534544778234
2891 7488082173838922660
2892 7562501486934057886
2893 7628237561042953084
2894 7703718133792525943
2895 7769983058944700614
2896 7846588019400188017
2897 7913727850519474758
2898 7991006602640200314
2899 8059090881181262974
2900 8137479553083771829
2901 8206037921264994462
2902 8285528259659464727
2903 8355013557258667642
2904 8435205134413467673
2905 8505596383562420434
2906 8586877913701430484
2907 8657768052573010000
2908 8740204116994429023
2909 8811980739853280270
2910 8895068526700295282
2911 8967806219104668050
2912 9052031139515041594
2913 9125202542775512120
2914 9210555159538668016
2915 9284663373903370526
2916 9370698548962922112
2917 9445719511169444278
2918 9532862606378168770
2919 9608345297087483052
2920 9696667377376327730
2921 9773041356243396798
2922 9861984432813085011
2923 9939327085155657090
2924 10029430322209784964
2925 10107156002651743750
2926 10198407064461146891
2927 10277073757457365240
2928 10368974320026894654
2929 10448555931344082142
2930 10541577112523035112
2931 10621574013880785836
2932 10715791979803588030
2933 10796673919839418058
2934 10891474594851707119
2935 10973325356065889570
2936 11069302920361047373
2937 11151477962906933156
2938 11248612018551462297
2939 11331726741527105682
2940 11429467630863220460
2941 11513492728052265030
2942 11612359563774742563
2943 11696739180114420338
2944 11796817147228243317
2945 11882068248469862366
2946 11982679684163203673
2947 12068893692402882476
2948 12170687040154136414
2949 12257157534140611474
2950 12360108501362135481
2951 12447512032322510970
2952 12551017883204086161
2953 12639313646191927450
2954 12743945610340930864
2955 12832525184263632166
2956 12938374624994904123
2957 13027805512706770178
2958 13134124777523263137
2959 13224507620712951070
2960 13332005063599730612
2961 13422566868675216568
2962 13531216235702274792
2963 13622690483472206764
2964 13731834884154673668
2965 13824177175518515290
2966 13934440189117724756
2967 14026984955064981754
2968 14138458341886367723
2969 14231829356301786736
2970 14343697112735267341
2971 14438001982227946512
2972 14551039017359453824
2973 14645428871615549738
2974 14759605279146084054
2975 14854879682064373862
2976 14969481012516085150
2977 15065591026353617304
2978 15181289222679851316
2979 15277515097130792822
2980 15394408366894133852
2981 15491426420183515696
2982 15608628882777701071
2983 15706549004528196716
2984 15824905230338073232
2985 15922805953337534012
2986 16042282643910887480
2987 16141033413538544186
2988 16260846683250413375
2989 16360395923077501280
2990 16481275813934572450
2991 16580843071249899654
2992 16702895607726442078
2993 16803208597733509374
2994 16925477135817519856
2995 17026651051598775766
2996 17150050185156906049
2997 17251091779005296310
2998 17375575420244932413
2999 17477428196706349426
3000 17602151305144708221
3001 17704757736700283828
3002 17830508520886458897
3003 17933018458132431384
3004 18059914408059513165
3005 18163114303659347744
3006 18290122887185214252
3007 18394138408560710366
3008 18522238487607107688
3009 18626000761788884310
3010 18755140881461876077
3011 18859668581823457918
3012 18988940522282613459
3013 19094161740680774862
3014 19224419548200430366
3015 19329420506733181474
3016 19460785978245588910
3017 19566415198523628508
3018 19697771966168902626
3019 19804166170612903404
3020 19936567106837743599
3021 20042580365083564360
3022 20175969522956192869
3023 20282685536060243310
3024 20416092983619463506
3025 20523435079662956658
3026 20657776554575871621
3027 20764767398044204770
3028 20900165182962129769
3029 21007719286782662232
3030 21142974831681875246
3031 21251236417063779604
3032 21387482557198181591
3033 21495217087004849356
3034 21632395152233356110
3035 21740765346772251566
3036 21877838711152043435
3037 21986760274688447118
3038 22124699455398467549
3039 22233134949459664646
3040 22372068553715227545
3041 22480995821676623106
3042 22619649204643329255
3043 22729210879810205030
3044 22868795526134434090
3045 22977676269715531694
3046 23118128833419365825
3047 23227571792611594376
3048 23367778638139833911
3049 23477698754575030486
3050 23618695020847848513
3051 23727985392941606822
3052 23869908862300386586
3053 23979604328130959262
3054 24121103071919130218
3055 24231353615826927374
3056 24373719912199633584
3057 24483130636912605656
3058 24626281394137774786
3059 24736180088549699840
3060 24878936447641176377
3061 24989230063584453488
3062 25132694254577950982
3063 25242201474614787198
3064 25386522746032145379
3065 25496340573020240976
3066 25640085176260610856
3067 25750375624749048988
3068 25894905153647468956
3069 26004196390480997766
3070 26149422540056214242
3071 26259122180349912208
3072 26403797918526318369
3073 26513795510205010718
3074 26659096052144125209
3075 26768142781790646774
3076 26914223544655037176
3077 27023487410446553390
3078 27168822706857567165
3079 27278474595180420636
3080 27424505688418051574
3081 27532994610715976522
3082 27679628325046687542
3083 27788431633711351424
3084 27934361184912037428
3085 28043360512341721588
3086 28189823283054943042
3087 28297706697045927680
3088 28444856298134631382
3089 28552862383085463814
3090 28699091690767062066
3091 28807400804242981590
3092 28954234136969478079
3093 29061199694845752650
3094 29208541374080217109
3095 29315723971209867172
3096 29462200427776304822
3097 29569476661989009702
3098 29716382005631674578
3099 29822379985963863896
3100 29969870614842161195
3101 30075894377671907142
3102 30222288678567371203
3103 30328513474610529382
3104 30475420801357393697
3105 30580123432498381620
3106 30727439809348126014
3107 30832259927127471450
3108 30978535205498463897
3109 31083350507620158374
3110 31229942987013432683
3111 31333316188547085432
3112 31480394832062511311
3113 31583683479627799436
3114 31729490157104626358
3115 31832875979822459566
3116 31979101053117587893
3117 32080786073126348954
3118 32227305312532948514
3119 32329017087549112076
3120 32474316081181236063
3121 32575920039558739464
3122 32721425297269775112
3123 32821412441215138164
3124 32967304546147353145
3125 33067095708394768074
3126 33211542286674601351
3127 33311329348050412742
3128 33456081746655159872
3129 33553997227056647228
3130 33698925772982000126
3131 33796773866665770214
3132 33940306509183021356
3133 34037935491220727646
3134 34181567149560877152
3135 34277402708263447972
3136 34421319805316592806
3137 34516852893484555994
3138 34659135061248522090
3139 34754569523089252146
3140 34897047024086895225
3141 34990441870757198806
3142 35132976686181071185
3143 35226198540563009842
3144 35367168936277312146
3145 35460058142204600496
3146 35601019230935365921
3147 35691949995556926412
3148 35833080725762910903
3149 35923607832791551432
3150 36062916062597596401
3151 36153251515667045024
3152 36292644805199518109
3153 36380763972856492874
3154 36520106544309761211
3155 36607948806517083348
3156 36745556843369224247
3157 36832959772812220068
3158 36970437512653888256
3159 37055726146920761786
3160 37193256993630277624
3161 37278047830022357534
3162 37413575949375574083
3163 37498068229750367106
3164 37633579337406594261
3165 37715684457726265546
3166 37851033536074343493
3167 37932765696093943688
3168 38066205418675979122
3169 38147402249647931972
3170 38280587859948455906
3171 38359520940213598872
3172 38492649689127211741
3173 38570978209950596684
3174 38701935610769337552
3175 38779866545960524736
3176 38910705939130569862
3177 38986088362990919026
3178 39116643169811391222
3179 39191568744957805066
3180 39320040352143243616
3181 39394339139302621886
3182 39522445459736364082
3183 39594324847933129110
3184 39722270096512160391
3185 39793443610164037496
3186 39919055773865431362
3187 39989739263691049336
3188 40115121282603454842
3189 40183116442863145080
3190 40308093775276235486
3191 40375549815420440186
3192 40498282524538604028
3193 40565012457874836846
3194 40687276441047753506
3195 40751440970928976556
3196 40873447814398955803
3197 40936816773013924838
3198 41056318443138042099
3199 41119119499578046670
3200 41238282875922008450
3201 41298262136081274986
3202 41416910649611279678
3203 41476266027911754122
3204 41592524948763263091
3205 41651057704200172098
3206 41766749287782086138
3207 41822587526105711500
3208 41937912386569411730
3209 41992881260630352332
3210 42105542652872190083
3211 42159872019345959158
3212 42272094418954461822
3213 42323467183660589948
3214 42435078390197391955
3215 42485745683356461090
3216 42594831370581230933
3217 42644599137786146066
3218 42753010438416505218
3219 42799970880244682432
3220 42907911435833978273
3221 42953937305309097096
3222 43059069838055295286
3223 43104378135917223396
3224 43208990315460359042
3225 43251219784681774140
3226 43355126988608294242
3227 43396585006330524050
3228 43497827402064386751
3229 43538322254879964662
3230 43638789839312253803
3231 43676383468938517366
3232 43776289430363705165
3233 43812873941616847090
3234 43909848017135133889
3235 43945646108664112956
3236 44042021670906038120
3237 44074639535038465086
3238 44170214361782593257
3239 44202012565860359192
3240 44294791613657084273
3241 44325573058932775720
3242 44417492289359450986
3243 44445274002126063498
3244 44536557035210074538
3245 44563270705757874106
3246 44651510642066890414
3247 44677381352137900704
3248 44764938322206699830
3249 44787552705354520194
3250 44874217324100360095
3251 44895973318629205450
3252 44979737291838150999
3253 45000418632018480488
3254 45083251384650399544
3255 45100849838303454748
3256 45182980331611378367
3257 45199465920621048494
3258 45278442205314983206
3259 45294053088795204526
3260 45372270240153949915
3261 45384560250503175422
3262 45461811163820025876
3263 45473200395636136062
3264 45547464411837170662
3265 45557731868931084002
3266 45631008618553672807
3267 45638134069417472866
3268 45710632734722265369
3269 45716621156036423056
3270 45785869781205834228
3271 45790958332131674972
3272 45859389329839531187
3273 45861099899080316296
3274 45928509373186536843
3275 45929283509779542728
3276 45993636191698594572
3277 45993261325799964322
3278 46056561727601764746
3279 46053011082909099786
3280 46115473205645881699
3281 46110773104649733990
3282 46169909261888141392
3283 46164280574980609834
3284 46222560201795025677
3285 46213510207371497308
3286 46270723696703779655
3287 46260726570759685770
3288 46314813955817649867
3289 46303657507983395160
3290 46356639289895516424
3291 46342290457186379694
3292 46394388184382459220
3293 46378874427568334122
3294 46427602373486656067
3295 46411142624476578388
3296 46458981354961822583
3297 46439083301687206644
3298 46485808345831849396
3299 46464968957627547496
3300 46508514747028314814
3301 46486523304530197710
3302 46528930129096946870
3303 46503728239279550524
3304 46545225563573435527
3305 46518855831018564288
3306 46556952432416806991
3307 46529639417878781474
3308 46566816282444263113
3309 46536074532936765224
3310 46572097243438010787
3311 46540432021158690164
3312 46573249130388537824
3313 46540432021158690164
3314 46572097243438010787
3315 46536074532936765224
3316 46566816282444263113
3317 46529639417878781474
3318 46556952432416806991
3319 46518855831018564288
3320 46545225563573435527
3321 46503728239279550524
3322 46528930129096946870
3323 46486523304530197710
3324 46508514747028314814
3325 46464968957627547496
3326 46485808345831849396
3327 46439083301687206644
3328 46458981354961822583
3329 46411142624476578388
3330 46427602373486656067
3331 46378874427568334122
3332 46394388184382459220
3333 46342290457186379694
3334 46356639289895516424
3335 46303657507983395160
3336 46314813955817649867
3337 46260726570759685770
3338 46270723696703779655
3339 46213510207371497308
3340 46222560201795025677
3341 46164280574980609834
3342 46169909261888141392
3343 46110773104649733990
3344 46115473205645881699
3345 46053011082909099786
3346 46056561727601764746
3347 45993261325799964322
3348 45993636191698594572
3349 45929283509779542728
3350 45928509373186536843
3351 45861099899080316296
3352 45859389329839531187
3353 45790958332131674972
3354 45785869781205834228
3355 45716621156036423056
3356 45710632734722265369
3357 45638134069417472866
3358 45631008618553672807
3359 45557731868931084002
3360 45547464411837170662
3361 45473200395636136062
3362 45461811163820025876
3363 45384560250503175422
3364 45372270240153949915
3365 45294053088795204526
3366 45278442205314983206
3367 45199465920621048494
3368 45182980331611378367
3369 45100849838303454748
3370 45083251384650399544
3371 45000418632018480488
3372 44979737291838150999
3373 44895973318629205450
3374 44874217324100360095
3375 44787552705354520194
3376 44764938322206699830
3377 44677381352137900704
3378 44651510642066890414
3379 44563270705757874106
3380 44536557035210074538
3381 44445274002126063498
3382 44417492289359450986
3383 44325573058932775720
3384 44294791613657084273
3385 44202012565860359192
3386 44170214361782593257
3387 44074639535038465086
3388 44042021670906038120
3389 43945646108664112956
3390 43909848017135133889
3391 43812873941616847090
3392 43776289430363705165
3393 43676383468938517366
3394 43638789839312253803
3395 43538322254879964662
3396 43497827402064386751
3397 43396585006330524050
3398 43355126988608294242
3399 43251219784681774140
3400 43208990315460359042
3401 43104378135917223396
3402 43059069838055295286
3403 42953937305309097096
3404 42907911435833978273
3405 42799970880244682432
3406 42753010438416505218
3407 42644599137786146066
3408 42594831370581230933
3409 42485745683356461090
3410 42435078390197391955
3411 42323467183660589948
3412 42272094418954461822
3413 42159872019345959158
3414 42105542652872190083
3415 41992881260630352332
3416 41937912386569411730
3417 41822587526105711500
3418 41766749287782086138
3419 41651057704200172098
3420 41592524948763263091
3421 41476266027911754122
3422 41416910649611279678
3423 41298262136081274986
3424 41238282875922008450
3425 41119119499578046670
3426 41056318443138042099
3427 40936816773013924838
3428 40873447814398955803
3429 40751440970928976556
3430 40687276441047753506
3431 40565012457874836846
3432 40498282524538604028
3433 40375549815420440186
3434 40308093775276235486
3435 40183116442863145080
3436 40115121282603454842
3437 39989739263691049336
3438 39919055773865431362
3439 39793443610164037496
3440 39722270096512160391
3441 39594324847933129110
3442 39522445459736364082
3443 39394339139302621886
3444 39320040352143243616
3445 39191568744957805066
3446 39116643169811391222
3447 38986088362990919026
3448 38910705939130569862
3449 38779866545960524736
3450 38701935610769337552
3451 38570978209950596684
3452 38492649689127211741
3453 38359520940213598872
3454 38280587859948455906
3455 38147402249647931972
3456 38066205418675979122
3457 37932765696093943688
3458 37851033536074343493
3459 37715684457726265546
3460 37633579337406594261
3461 37498068229750367106
3462 37413575949375574083
3463 37278047830022357534
3464 37193256993630277624
3465 37055726146920761786
3466 36970437512653888256
3467 36832959772812220068
3468 36745556843369224247
3469 36607948806517083348
3470 36520106544309761211
3471 36380763972856492874
3472 36292644805199518109
3473 36153251515667045024
3474 36062916062597596401
3475 35923607832791551432
3476 35833080725762910903
3477 35691949995556926412
3478 35601019230935365921
3479 35460058142204600496
3480 35367168936277312146
3481 35226198540563009842
3482 35132976686181071185
3483 34990441870757198806
3484 34897047024086895225
3485 34754569523089252146
3486 34659135061248522090
3487 34516852893484555994
3488 34421319805316592806
3489 34277402708263447972
3490 34181567149560877152
3491 34037935491220727646
3492 33940306509183021356
3493 33796773866665770214
3494 33698925772982000126
3495 33553997227056647228
3496 33456081746655159872
3497 33311329348050412742
3498 33211542286674601351
3499 33067095708394768074
3500 32967304546147353145
3501 32821412441215138164
3502 32721425297269775112
3503 32575920039558739464
3504 32474316081181236063
3505 32329017087549112076
3506 32227305312532948514
3507 32080786073126348954
3508 31979101053117587893
3509 31832875979822459566
3510 31729490157104626358
3511 31583683479627799436
3512 31480394832062511311
3513 31333316188547085432
3514 31229942987013432683
3515 31083350507620158374
3516 30978535205498463897
3517 30832259927127471450
3518 30727439809348126014
3519 30580123432498381620
3520 30475420801357393697
3521 30328513474610529382
3522 30222288678567371203
3523 30075894377671907142
3524 29969870614842161195
3525 29822379985963863896
3526 29716382005631674578
3527 29569476661989009702
3528 29462200427776304822
3529 29315723971209867172
3530 29208541374080217109
3531 29061199694845752650
3532 28954234136969478079
3533 28807400804242981590
3534 28699091690767062066
3535 28552862383085463814
3536 28444856298134631382
3537 28297706697045927680
3538 28189823283054943042
3539 28043360512341721588
3540 27934361184912037428
3541 27788431633711351424
3542 27679628325046687542
3543 27532994610715976522
3544 27424505688418051574
3545 27278474595180420636
3546 27168822706857567165
3547 27023487410446553390
3548 26914223544655037176
3549 26768142781790646774
3550 26659096052144125209
3551 26513795510205010718
3552 26403797918526318369
3553 26259122180349912208
3554 26149422540056214242
3555 26004196390480997766
3556 25894905153647468956
3557 25750375624749048988
3558 25640085176260610856
3559 25496340573020240976
3560 25386522746032145379
3561 25242201474614787198
3562 25132694254577950982
3563 24989230063584453488
3564 24878936447641176377
3565 24736180088549699840
3566 24626281394137774786
3567 24483130636912605656
3568 24373719912199633584
3569 24231353615826927374
3570 24121103071919130218
3571 23979604328130959262
3572 23869908862300386586
3573 23727985392941606822
3574 23618695020847848513
3575 23477698754575030486
3576 23367778638139833911
3577 23227571792611594376
3578 23118128833419365825
3579 22977676269715531694
3580 22868795526134434090
3581 22729210879810205030
3582 22619649204643329255
3583 22480995821676623106
3584 22372068553715227545
3585 22233134949459664646
3586 22124699455398467549
3587 21986760274688447118
3588 21877838711152043435
3589 21740765346772251566
3590 21632395152233356110
3591 21495217087004849356
3592 21387482557198181591
3593 21251236417063779604
3594 21142974831681875246
3595 21007719286782662232
3596 20900165182962129769
3597 20764767398044204770
3598 20657776554575871621
3599 20523435079662956658
3600 20416092983619463506
3601 20282685536060243310
3602 20175969522956192869
3603 20042580365083564360
3604 19936567106837743599
3605 19804166170612903404
3606 19697771966168902626
3607 19566415198523628508
3608 19460785978245588910
3609 19329420506733181474
3610 19224419548200430366
3611 19094161740680774862
3612 18988940522282613459
3613 18859668581823457918
3614 18755140881461876077
3615 18626000761788884310
3616 18522238487607107688
3617 18394138408560710366
3618 18290122887185214252
3619 18163114303659347744
3620 18059914408059513165
3621 17933018458132431384
3622 17830508520886458897
3623 17704757736700283828
3624 17602151305144708221
3625 17477428196706349426
3626 17375575420244932413
3627 17251091779005296310
3628 17150050185156906049
3629 17026651051598775766
3630 16925477135817519856
3631 16803208597733509374
3632 16702895607726442078
3633 16580843071249899654
3634 16481275813934572450
3635 16360395923077501280
3636 16260846683250413375
3637 16141033413538544186
3638 16042282643910887480
3639 15922805953337534012
3640 15824905230338073232
3641 15706549004528196716
3642 15608628882777701071
3643 15491426420183515696
3644 15394408366894133852
3645 15277515097130792822
3646 15181289222679851316
3647 15065591026353617304
3648 14969481012516085150
3649 14854879682064373862
3650 14759605279146084054
3651 14645428871615549738
3652 14551039017359453824
3653 14438001982227946512
3654 14343697112735267341
3655 14231829356301786736
3656 14138458341886367723
3657 14026984955064981754
3658 13934440189117724756
3659 13824177175518515290
3660 13731834884154673668
3661 13622690483472206764
3662 13531216235702274792
3663 13422566868675216568
3664 13332005063599730612
3665 13224507620712951070
3666 13134124777523263137
3667 13027805512706770178
3668 12938374624994904123
3669 12832525184263632166
3670 12743945610340930864
3671 12639313646191927450
3672 12551017883204086161
3673 12447512032322510970
3674 12360108501362135481
3675 12257157534140611474
3676 12170687040154136414
3677 12068893692402882476
3678 11982679684163203673
3679 11882068248469862366
3680 11796817147228243317
3681 11696739180114420338
3682 11612359563774742563
3683 11513492728052265030
3684 11429467630863220460
3685 11331726741527105682
3686 11248612018551462297
3687 11151477962906933156
3688 11069302920361047373
3689 10973325356065889570
3690 10891474594851707119
3691 10796673919839418058
3692 10715791979803588030
3693 10621574013880785836
3694 10541577112523035112
3695 10448555931344082142
3696 10368974320026894654
3697 10277073757457365240
3698 10198407064461146891
3699 10107156002651743750
3700 10029430322209784964
3701 9939327085155657090
3702 9861984432813085011
3703 9773041356243396798
3704 9696667377376327730
3705 9608345297087483052
3706 9532862606378168770
3707 9445719511169444278
3708 9370698548962922112
3709 9284663373903370526
3710 9210555159538668016
3711 9125202542775512120
3712 9052031139515041594
3713 8967806219104668050
3714 8895068526700295282
3715 8811980739853280270
3716 8740204116994429023
3717 8657768052573010000
3718 8586877913701430484
3719 8505596383562420434
3720 8435205134413467673
3721 8355013557258667642
3722 8285528259659464727
3723 8206037921264994462
3724 8137479553083771829
3725 8059090881181262974
3726 7991006602640200314
3727 7913727850519474758
3728 7846588019400188017
3729 7769983058944700614
3730 7703718133792525943
3731 7628237561042953084
3732 7562501486934057886
3733 7488082173838922660
3734 7423239534544778234
3735 7349533101051703398
3736 7285601775829341750
3737 7212966122647608748
3738 7149536523739754885
3739 7077978818996276838
3740 7015471018274621201
3741 6944600414892337864
3742 6882952686161353043
3743 6813167786031504664
3744 6752070228500733735
3745 6683312985494720720
3746 6623090807758650840
3747 6555050742585893646
3748 6495715595234229635
3749 6428711811669789296
3750 6369897761890955219
3751 6303934570782942606
3752 6246016249739766067
3753 6180742504887865678
3754 6123663860689954825
3755 6059432859236429362
3756 6002918620758772914
3757 5939678435740092882
3758 5884012830907145473
3759 5821487302091913110
3760 5766680085491812729
3761 5705151358367214396
3762 5650878114062339386
3763 5590346409563767592
3764 5536938738873605921
3765 5477091256190296404
3766 5424498289087763606
3767 5365648254893431528
3768 5313623197820342282
3769 5255723468920731084
3770 5204516964098574397
3771 5147322850347494428
3772 5096942707795935865
3773 5040699585016632684
3774 4990859361873183779
3775 4935566121301668796
3776 4886557534261636815
3777 4831938666288250832
3778 4783713195966662820
3779 4730043240888830328
3780 4682382967064639331
3781 4629619557099545758
3782 4582744548269238962
3783 4530669409508956984
3784 4484586271380758461
3785 4433413698600876350
3786 4387869395401275547
3787 4337597894053096154
3788 4292845896431289135
3789 4243233099595128028
3790 4199229392512511512
3791 4150515236074678828
3792 4107069116890289482
3793 4059212580508456120
3794 4016515649480311224
3795 3969325224210657004
3796 3927382338719079695
3797 3881044684716517876
3798 3839632328837844777
3799 3794145243841874644
3800 3753483149099207344
3801 3708634185311491772
3802 3668683739232984736
3803 3624679081761950400
3804 3585273597850173799
3805 3542076455767892994
3806 3503381623588346677
3807 3460824705430018402
3808 3422842075744194526
3809 3381086819224764142
3810 3343621127714581617
3811 3302664519230243526
3812 3265906482597972342
3813 3225561503935561752
3814 3189476131567465214
3815 3149920389377700434
3816 3114363003696481534
3817 3075563811928234104
3818 3040674985682303052
3819 3002487201568448858
3820 2968267359163924824
3821 2930828867800044952
3822 2897108770146918230
3823 2860414757600934242
3824 2827358269912868052
3825 2791246254397674754
3826 2758822292091346437
3827 2723444667155345248
3828 2691526208305976709
3829 2656853748641933412
3830 2625560728954857207
3831 2591467738975016580
3832 2560800061018162761
3833 2527402692531787586
3834 2497214192515249210
3835 2464506876765617386
3836 2434937197652570361
3837 2402780188411063268
3838 2373800342606305047
3839 2342323224765124852
3840 2313823893072281204
3841 2283000463208134132
3842 2255083115527694027
3843 2224803942002426818
3844 2197467971546536205
3845 2167830872369915108
3846 2140950531865729631
3847 2111950353788595134
3848 2085642748967561867
3849 2057159152339092042
3850 2031398405189019073
3851 2003540862879797104
3852 1978233604195841327
3853 1950977643168596938
3854 1926209169836381941
3855 1899460971429556796
3856 1875229734507045689
3857 1849071324177696120
3858 1825268932619275462
3859 1799695087561333940
3860 1776419774484892816
3861 1751327757138105498
3862 1728556851820557785
3863 1704037094176857014
3864 1681691054339900189
3865 1657721893862657096
3866 1635871560474107704
3867 1612373209565122208
3868 1591015831066868141
3869 1568056323249053214
3870 1547099388850773095
3871 1524673420188376158
3872 1504199066069002041
3873 1482218466551446846
3874 1462206682500902944
3875 1440746479177991366
3876 1421129790981368495
3877 1400170768895106658
3878 1381006739008678518
3879 1360481477112456326
3880 1341766985266690114
3881 1321731183839922308
3882 1303388255525422692
3883 1283835988887401866
3884 1265932257517770333
3885 1246788854995834016
3886 1229306761804931188
3887 1210634022160923656
3888 1193516040637113946
3889 1175297108710374256
3890 1158589996597665666
3891 1140767830294831598
3892 1124468454888780745
3893 1107087739004412316
3894 1091130494781763918
3895 1074185449387748492
3896 1058625665226113441
3897 1042053640460625434
3898 1026875179296337039
3899 1010726407868338544
3900 995881074226426186
3901 980140651759445264
3902 965666163344878815
3903 950285841541612742
3904 936178973258830987
3905 921194340658273160
3906 907400163307648655
3907 892805904237274042
3908 879368650517458934
3909 865112391506627558
3910 852017967487667349
3911 838140047239463576
3912 825348267584102173
3913 811835122597570560
3914 799376018275653240
3915 786187379967543104
3916 774057618151377940
3917 761221726580201328
3918 749375220725641563
3919 736886956220146062
3920 725358962101165224
3921 713174795997187572
3922 701953108711244112
3923 690104669103394550
3924 679156069126754776
3925 667631434237600706
3926 656979249412106533
3927 645745133710950636
3928 635385776369125285
3929 624464122185308182
3930 614359419128201074
3931 603745420873915132
3932 593923239975759581
3933 583580528461438446
3934 574030250787176136
3935 563983554712144896
3936 554677773985967408
3937 544916759421782166
3938 535873136197127814
3939 526370385580947890
3940 517585328810670233
3941 508357530004544002
3942 499799795904671964
3943 490842189849094692
3944 482533403827742902
3945 473816112913982072
3946 465747035009472693
3947 457289064491822836
3948 449436989819604174
3949 441229404869340170
3950 433607550187642780
3951 425627865085416322
3952 418232907892695867
3953 410493321270025554
3954 403299695304876553
3955 395795780574905770
3956 388819990092566223
3957 381527396612427480
3958 374761242125702168
3959 367694352309859870
3960 361119316590335460
3961 354270297123281660
3962 347896073650141510
3963 341246461045246038
3964 335069917440304720
3965 328628485730213936
3966 322628869885141809
3967 316391619615802716
3968 310581056541512718
3969 304528232635652712
3970 298899661480568311
3971 293041828724056480
3972 287580298920840913
3973 281910566510746248
3974 276622933280624659
3975 271126286901117390
3976 266009589095327125
3977 260692190104801294
3978 255729552678070411
3979 250587760903474966
3980 245788000010601942
3981 240805864092074866
3982 236162927997646465
3983 231347880988921128
3984 226849758065952331
3985 222195853081695244
3986 217847149939568741
3987 213342352457682914
3988 209140212110968808
3989 204788560727606350
3990 200719432667856133
3991 196517642449800936
3992 192587771320839030
3993 188522948498649924
3994 184727181248991017
3995 180804414420718336
3996 177133097092751555
3997 173347321332801242
3998 169803273297360005
3999 166144862832775906
4000 162725458298289406
4001 159196858655929838
4002 155891327444903492
4003 152489484107342126
4004 149302051459282512
4005 146016693197025312
4006 142942955959690139
4007 139777411798819118
4008 136809622189782648
4009 133759579523084582
4010 130899260622161270
4011 127957037730959486
4012 125201849303546798
4013 122368649881431382
4014 119710068248981126
4015 116983178703377338
4016 114423880564932904
4017 111795170403512230
4018 109331361705962690
4019 106802835332443906
4020 104428364308199821
4021 101996350899695010
4022 99711862953162394
4023 97370227127123786
4024 95173608858789637
4025 92922710833400392
4026 90807252500475332
4027 88644717840814718
4028 86611914106888816
4029 84531350807150154
4030 82577994248546371
4031 80580411887995382
4032 78701666518769546
4033 76783931072973038
4034 74979807175075460
4035 73137072079028280
4036 71405689691933799
4037 69637767381123052
4038 67973827081006356
4039 66278642004680682
4040 64682835011255128
4041 63055377051980068
4042 61525024900183011
4043 59965591632062492
4044 58496898967209412
4045 57002847845702256
4046 55595401806097003
4047 54162944588127148
4048 52815060483253041
4049 51443652681175536
4050 50151202957931143
4051 48839036912781662
4052 47602165054127701
4053 46345312597836164
4054 45161789561399089
4055 43960097245980040
4056 42826947184817452
4057 41678224739716934
4058 40594767925329711
4059 39496048896261032
4060 38460812822157886
4061 37411348566040228
4062 36421144610780838
4063 35419362182628230
4064 34473980358790288
4065 33516831112966142
4066 32614414325622786
4067 31701478273843092
4068 30839691325759598
4069 29969155544337916
4070 29147199713260204
4071 28316752633042132
4072 27533366244236489
4073 26742153548845972
4074 25994877956073173
4075 25241560905810676
4076 24529972934936566
4077 23812206782462902
4078 23134765891361044
4079 22451984864568414
4080 21806869771711124
4081 21157580599092692
4082 20543974404048106
4083 19926370648294332
4084 19343198654462017
4085 18756425462782742
4086 18201798564711826
4087 17644731971585756
4088 17118113694793439
4089 16588956054168548
4090 16089087719700125
4091 15587216331685962
4092 15112691095658686
4093 14636881329593704
4094 14186914348825439
4095 13735768179983532
4096 13309453948406092
4097 12882172739252650
4098 12478061313929030
4099 12073711682970452
4100 11691240478351897
4101 11308446893930984
4102 10946601706585346
4103 10584745405577162
4104 10242440527015015
4105 9900533467236606
4106 9577054754699777
4107 9254024023274252
4108 8948613227130202
4109 8643744491131888
4110 8355300425868352
4111 8067827397816426
4112 7795814935621859
4113 7524689943297028
4114 7268298874004854
4115 7012951253457370
4116 6771346456638618
4117 6530992449918446
4118 6303548731457880
4119 6077368249574572
4120 5863466354230164
4121 5650844703035918
4122 5449655471403936
4123 5249970710096366
4124 5061013470353251
4125 4873476538182836
4126 4696112319586300
4127 4520226929510218
4128 4353816101644201
4129 4188967095933644
4130 4032985327470499
4131 3878550656931548
4132 3732502972177548
4133 3587970672667092
4134 3451237772588504
4135 3316115129053336
4136 3188284864811591
4137 3061984552201312
4138 2942560049284969
4139 2824667261530694
4140 2713165718423245
4141 2603205954574614
4142 2499203862839596
4143 2396709174087752
4144 2299817949624101
4145 2204378221279916
4146 2114140245245766
4147 2025374221184330
4148 1941450770135598
4149 1858926433563002
4150 1780939581093241
4151 1704323367382696
4152 1631914626980120
4153 1560847186025750
4154 1493685344253260
4155 1427821317561642
4156 1365608395883610
4157 1304630728350138
4158 1247033214613174
4159 1190653648310326
4160 1137405144928074
4161 1085311023056510
4162 1036131607168505
4163 988064410650950
4164 942692115892444
4165 898387169995474
4166 856571776598081
4167 815779722147754
4168 777298775460885
4169 739782784720214
4170 704398621409732
4171 669946614730708
4172 637458521310009
4173 605848839380894
4174 576054798208140
4175 547095565430036
4176 519808736969564
4177 493310847138832
4178 468348830650047
4179 444136512666368
4180 421338971172252
4181 399241890976520
4182 378444042620239
4183 358311242829970
4184 339367957802882
4185 321046786350778
4186 303816912226577
4187 287171014338808
4188 271525124912718
4189 256423875131338
4190 242234625326759
4191 228557954188250
4192 215714229006293
4193 203344555154390
4194 191735629216266
4195 180569765055102
4196 170095349130173
4197 160031884733196
4198 150597067231179
4199 141543377535776
4200 133061907649939
4201 124931332116122
4202 117318386402081
4203 110031992787636
4204 103213863723165
4205 96694345609936
4206 90599474682201
4207 84779543840358
4208 79342063780344
4209 74157073661170
4210 69316129017971
4211 64706335836516
4212 60407087243130
4213 56317700432306
4214 52506503276988
4215 48888098026372
4216 45518533628738
4217 42323058803938
4218 39351096551078
4219 36536956065020
4220 33921847025622
4221 31449907445678
4222 29154784030495
4223 26988778410700
4224 24980668357306
4225 23087960723852
4226 21334966471508
4227 19686415261642
4228 18161103111791
4229 16728705148254
4230 15405619362480
4231 14165300418252
4232 13020961071136
4233 11950537233050
4234 10964078367591
4235 10043100146338
4236 9196043077793
4237 8406451983320
4238 7681231551823
4239 7007080541140
4240 6388713673194
4241 5814943420882
4242 5289842261418
4243 4803632660080
4244 4359389342753
4245 3949188894732
4246 3574981389482
4247 3230278963086
4248 2916662561971
4249 2628357944144
4250 2366552911772
4251 2126724009162
4252 1909346754210
4253 1710699708508
4254 1531206786909
4255 1367617200634
4256 1220147036693
4257 1086236626856
4258 965790744610
4259 856768445210
4260 759069275769
4261 670881940002
4262 592074131585
4263 521270508052
4264 458171508795
4265 401673291502
4266 351544709745
4267 306824388972
4268 267284690439
4269 232191313218
4270 201268050705
4271 173945087574
4272 149998850285
4273 128926613330
4274 110538467579
4275 94463462838
4276 80497076827
4277 68349625518
4278 57866332920
4279 48797959440
4280 41015658621
4281 34335474996
4282 28635094415
4283 23775430436
4284 19664165179
4285 16182286592
4286 13258113585
4287 10806930468
4288 8764008886
4289 7066147916
4290 5666981494
4291 4514984712
4292 3575089679
4293 2811315922
4294 2194844062
4295 1700006276
4296 1306779539
4297 995156596
4298 751100223
4299 561315012
4300 414996953
4301 303218774
4302 218989144
4303 155933566
4304 109462926
4305 75651082
4306 51362669
4307 34204396
4308 22324441
4309 14215160
4310 8820745
4311 5321908
4312 3100810
4313 1738710
4314 935597
4315 476354
4316 227790
4317 101734
4318 41171
4319 14802
4320 4657
4321 1182
4322 210
4323 22
4324 1
