1771 1
1772 20
1773 171
1774 854
1775 3011
1776 8790
1777 22729
1778 52016
1779 108848
1780 214558
1781 396731
1782 698286
1783 1185202
1784 1937816
1785 3067720
1786 4740760
1787 7140013
1788 10517196
1789 15211505
1790 21606626
1791 30177652
1792 41608106
1793 56535422
1794 75901868
1795 100784847
1796 132437306
1797 172134967
1798 222091440
1799 283744524
1800 359832020
1801 452811930
1802 566186792
1803 702408366
1804 867285950
1805 1063147915
1806 1297143816
1807 1573382192
1808 1900374206
1809 2281375324
1810 2730823332
1811 3250033343
1812 3855863150
1813 4552663167
1814 5361184190
1815 6281347113
1816 7345760596
1817 8549265348
1818 9930718836
1819 11487726556
1820 13265618944
1821 15252544577
1822 17518853918
1823 20038003737
1824 22891231544
1825 26055048258
1826 29627170012
1827 33559622415
1828 37993354708
1829 42853340409
1830 48305034714
1831 54270080701
1832 60938669872
1833 68189938771
1834 76296893582
1835 85079635310
1836 94849408348
1837 105416361378
1838 117149878080
1839 129773701619
1840 143781370404
1841 158802495688
1842 175414549038
1843 193205288205
1844 212836572650
1845 233759018769
1846 256857743330
1847 281405660653
1848 308408617104
1849 337069087057
1850 368566459422
1851 401859051991
1852 438432625094
1853 476987772218
1854 519256531752
1855 563761058744
1856 612478263580
1857 663573961696
1858 719542427914
1859 778114441175
1860 842107540906
1861 908983155179
1862 982024445220
1863 1058112264940
1864 1141188746966
1865 1227532594047
1866 1321711181770
1867 1419458086727
1868 1525956965700
1869 1636174844234
1870 1756324499054
1871 1880431463916
1872 2015500551056
1873 2154789194577
1874 2306402155620
1875 2462382657186
1876 2632070431784
1877 2806290692324
1878 2995792103358
1879 3190053756232
1880 3401178279854
1881 3617151466567
1882 3851936523416
1883 4091702891475
1884 4352163279226
1885 4617617433019
1886 4906096831808
1887 5199636987173
1888 5518342966000
1889 5842074307468
1890 6193792212148
1891 6550346874066
1892 6937476012878
1893 7329398724864
1894 7754937016220
1895 8185059193834
1896 8652078078630
1897 9122981962891
1898 9634571125984
1899 10150026901365
1900 10709257263556
1901 11271776931916
1902 11882946616800
1903 12496191377096
1904 13162224939520
1905 13830080240745
1906 14555118371976
1907 15281042870084
1908 16069703431452
1909 16857099979629
1910 17713171348094
1911 18567829420652
1912 19495272097834
1913 20419693135593
1914 21425213720058
1915 22424427514861
1916 23510971616010
1917 24590778467601
1918 25763888751658
1919 26928127062121
1920 28194833649648
1921 29447701080100
1922 30812007872842
1923 32162278458367
1924 33629259796472
1925 35078865713922
1926 36658646487666
1927 38214070456321
1928 39908818350316
1929 41578977936515
1930 43396060874620
1931 45184354660782
1932 47134276293736
1933 49045539072151
1934 51131887954774
1935 53179702045476
1936 55408530648064
1937 57592725347826
1938 59979286530216
1939 62308459162197
1940 64852921953338
1941 67340306481836
1942 70052031471042
1943 72699283216687
1944 75594236516272
1945 78407079783858
1946 81486935021642
1947 84485678611200
1948 87757160749448
1949 90937986661211
1950 94424414163160
1951 97797896264640
1952 101494996553746
1953 105080947185903
1954 109000760350614
1955 112797449715191
1956 116963697374550
1957 120977181207364
1958 125387100009530
1959 129648226878087
1960 134309913026578
1961 138807533405621
1962 143755155335060
1963 148502306154053
1964 153724655183354
1965 158751277126743
1966 164263022467782
1967 169560757813710
1968 175396409038550
1969 180971835167750
1970 187122105124688
1971 193020433281607
1972 199493562801648
1973 205692034143808
1974 212539083390524
1975 219054075047271
1976 226251338906488
1977 233126759665980
1978 240691770431694
1979 247909285171869
1980 255893330174376
1981 263459100442698
1982 271840445951122
1983 279819308013044
1984 288607719504280
1985 296960697082870
1986 306228932299852
1987 314975505805569
1988 324681478795800
1989 333885986664799
1990 344051518335112
1991 353679284153270
1992 364377581529344
1993 374432889024686
1994 385625712211214
1995 396203076224732
1996 407898921354730
1997 418933351523166
1998 431235114939418
1999 442751658037427
2000 455592108743156
2001 467681798529772
2002 481086811687026
2003 493689908841879
2004 507763895385608
2005 520884921357647
2006 535563363833784
2007 549333344501667
2008 564623079388716
2009 578944787304698
2010 594990524654440
2011 609892031971956
2012 626589727608174
2013 642197799407786
2014 659579555117868
2015 675803145007864
2016 694013863757074
2017 710852722440720
2018 729789628787808
2019 747428422462595
2020 767098903684156
2021 785391193682242
2022 805992637925402
2023 824971153651867
2024 846351702636802
2025 866192674683495
2026 888389700276100
2027 908955899903572
2028 932165000714158
2029 953455262214184
2030 977528632325962
2031 999790128507978
2032 1024729175559316
2033 1047752100365130
2034 1073827525612906
2035 1097652732849795
2036 1124645678002394
2037 1149511720862391
2038 1177462074308764
2039 1203173349367797
2040 1232350361556896
2041 1258898602242386
2042 1289086595552600
2043 1316800879648214
2044 1348002658899150
2045 1376593206445615
2046 1409164090492620
2047 1438677841498968
2048 1472311821388486
2049 1503070969290928
2050 1537819344992940
2051 1569549671582474
2052 1605763792739372
2053 1638444122842953
2054 1675832031339972
2055 1709902219827063
2056 1748456720378710
2057 1783520014635108
2058 1823706750491892
2059 1859821097515379
2060 1901227595671516
2061 1938815653784294
2062 1981498311450118
2063 2020180294862485
2064 2064607097439772
2065 2104360216571193
2066 2150126481287946
2067 2191515299794972
2068 2238604351640448
2069 2281108754842761
2070 2330128252357370
2071 2373811797405224
2072 2424212217991238
2073 2469615348804221
2074 2521465790789224
2075 2568093718434287
2076 2621993694360178
2077 2669803719357634
2078 2725211554197036
2079 2774941686926318
2080 2831834372985226
2081 2882792772161507
2082 2941946027873076
2083 2994202634404588
2084 3054904667211132
2085 3109162803574630
2086 3171491122945982
2087 3227090455645136
2088 3291798061178158
2089 3348696055259538
2090 3415088368785792
2091 3474210043725197
2092 3542245895703960
2093 3602699197135938
2094 3673364936213314
2095 3735234135785273
2096 3807612153379702
2097 3871781806985391
2098 3945949261036648
2099 4011584886075606
2100 4088509379254620
2101 4155536667049817
2102 4234310120230462
2103 4303887235225899
2104 4384468533091906
2105 4455471359800900
2106 4539085755559052
2107 4611609825499696
2108 4697076609797680
2109 4772236991390156
2110 4859665407405638
2111 4936393737959885
2112 5026974052051242
2113 5105166295220413
2114 5197775319900344
2115 5278875717250864
2116 5373435054067736
2117 5456031830164196
2118 5554049121273732
2119 5638263989138599
2120 5738282728811910
2121 5825492822222016
2122 5927615598076974
2123 6016462533310842
2124 6122186012076892
2125 6212559403903855
2126 6320460129983662
2127 6414122945645949
2128 6524097527512686
2129 6619312948604427
2130 6733216090425302
2131 6830119760849287
2132 6946139200107382
2133 7046397574624363
2134 7164676978314214
2135 7266643374556055
2136 7388981732830958
2137 7492489757428199
2138 7617128804341632
2139 7724353390970855
2140 7851174453770540
2141 7959975384499584
2142 8091224773491086
2143 8201727248588629
2144 8335203291304168
2145 8449469413169406
2146 8585322283795706
2147 8701311058111103
2148 8841703153755418
2149 8959254866136277
2150 9102053072884096
2151 9223750676731521
2152 9368803286925886
2153 9492040867205504
2154 9642069400518968
2155 9767024618882621
2156 9919358793537210
2157 10048472177247427
2158 10203243500098834
2159 10334097323110517
2160 10493935808737440
2161 10626300330654621
2162 10788615073267012
2163 10925574849637271
2164 11090195426187088
2165 11228637672407237
2166 11398801025089398
2167 11538908300044780
2168 11711379023455906
2169 11856107481141054
2170 12031090748568494
2171 12177496187347966
2172 12358067976494550
2173 12505872509860544
2174 12688985276797666
2175 12841865265918465
2176 13027290224094658
2177 13181540694841283
2178 13373054057859808
2179 13528905193734646
2180 13722728964238868
2181 13883652039355675
2182 14079972959185186
2183 14242452645804086
2184 14444970727259342
2185 14608695457837976
2186 14813742092139446
2187 14983027661220599
2188 15190306388052474
2189 15360819611534109
2190 15574815855913580
2191 15746809225861623
2192 15963014326032414
2193 16140498508034269
2194 16359203184056504
2195 16538104299648691
2196 16763576648064886
2197 16943504063990832
2198 17171432748638828
2199 17357445622762874
2200 17587505057157482
2201 17774528871322956
2202 18011911680159978
2203 18200174912922076
2204 18439687737867968
2205 18633947807367709
2206 18875844948937024
2207 19071271428127566
2208 19320502031334736
2209 19516720437655759
2210 19768302620590258
2211 19971138509550823
2212 20224680132284470
2213 20428169914391737
2214 20689702876424480
2215 20894202370231839
2216 21157677004055842
2217 21368612098271910
2218 21634283734038838
2219 21846177974454386
2220 22119775373887456
2221 22332104775067962
2222 22607863009773016
2223 22827290443993810
2224 23104807020925482
2225 23324554001934085
2226 23610742617182142
2227 23831118359180259
2228 24118925620888174
2229 24346279134869865
2230 24636079517158066
2231 24864030393644124
2232 25162342956342818
2233 25390290779450279
2234 25690542089564080
2235 25926129438404149
2236 26227844858229556
2237 26463282883910829
2238 26774254168724662
2239 27009991532082772
2240 27322304233623332
2241 27565461598252308
2242 27879425967467760
2243 28122721923360799
2244 28445856072777768
2245 28688666742941184
2246 29013439522051180
2247 29264421919916740
2248 29590175815403124
2249 29840534108103525
2250 30176243615651942
2251 30426434002267364
2252 30763017138493658
2253 31021055825855952
2254 31359020916221246
2255 31616696599826118
2256 31964406191407524
2257 32221004955630114
2258 32569894897087766
2259 32835247452979509
2260 33184698832664610
2261 33448873432759820
2262 33808849956366890
2263 34072219631987361
2264 34432669631416954
2265 34704381629922804
2266 35065749848868914
2267 35336512016719149
2268 35708171473437782
2269 35977242735704237
2270 36349618799183252
2271 36627994033463709
2272 37000339945309356
2273 37276768150364451
2274 37660377054386338
2275 37935463128253399
2276 38318924106188322
2277 38602736415931562
2278 38986533461348778
2279 39268834360342751
2280 39663503165350518
2281 39943411150187281
2282 40338253102810832
2283 40627852955671854
2284 41022087583620636
2285 41309057922035496
2286 41715176095979872
2287 42000041628868856
2288 42405289477329348
2289 42699462657698168
2290 43104434358954048
2291 43396363057446473
2292 43812723537858774
2293 44101369339705797
2294 44517339766276686
2295 44816249312287963
2296 45230958348658888
2297 45526308090404775
2298 45953382255979378
2299 46245996821011054
2300 46671505993725094
2301 46973828433270626
2302 47398351589853778
2303 47697609109033119
2304 48134078091396058
2305 48429200411542340
2306 48864608759516676
2307 49170437149014264
2308 49603658100524066
2309 49905176816529723
2310 50351448138169772
2311 50649344906783731
2312 51093145192788700
2313 51401080493020828
2314 51843253678908682
2315 52147304390210664
2316 52601943699551202
2317 52900935325976619
2318 53353560928574412
2319 53663812375998634
2320 54113470675668946
2321 54418463961080705
2322 54881627683616318
2323 55182043293538853
2324 55642027847964524
2325 55952860208409573
2326 56410359567901796
2327 56716384281425068
2328 57186684405611122
2329 57486746967112610
2330 57954284900096954
2331 58266143348770216
2332 58729640709809112
2333 59035079086078656
2334 59512759922707480
2335 59812747973988216
2336 60286266117308466
2337 60597006164753677
2338 61067103743069048
2339 61372150739235639
2340 61855482707677672
2341 62153581339133094
2342 62633172256576890
2343 62943340253777788
2344 63418069431028132
2345 63720916096698274
2346 64210235483467630
2347 64506549167480622
2348 64990594961602362
2349 65298149380450154
2350 65777860171190766
2351 66078778916966441
2352 66572118344744444
2353 66864795849374184
2354 67353542038008434
2355 67658825072901636
2356 68141661388187656
2357 68438430281326568
2358 68936189910451678
2359 69225662810421422
2360 69717069315551040
2361 70018068472607384
2362 70504126524770648
2363 70797343803264857
2364 71297472733626264
2365 71581472539142471
2366 72076101252918938
2367 72372930334703796
2368 72860365350531316
2369 73147783088245554
2370 73650624384347354
2371 73929689768712289
2372 74425042619172864
2373 74715885153796325
2374 75204926692915628
2375 75486991447638893
2376 75990454049289176
2377 76262114081150410
2378 76758836957601890
2379 77043928009722742
2380 77532516415428706
2381 77807000762444251
2382 78311214236326226
2383 78576205976286733
2384 79071974983889332
2385 79349059950926229
2386 79837533600191644
2387 80104834930481954
2388 80607713678645688
2389 80863634398209501
2390 81358858139125384
2391 81628569114055224
2392 82114383036569576
2393 82372268383702466
2394 82874307845463584
2395 83121672010167122
2396 83614072376863858
2397 83873770552919883
2398 84357638054210532
2399 84606673461837255
2400 85105303124496056
2401 85341982927134332
2402 85831698902748752
2403 86082273469489082
2404 86561685428681206
2405 86799449480897455
2406 87295308012940342
2407 87521515222656269
2408 88006532389585028
2409 88245402550928690
2410 88720866996011842
2411 88948158172194540
2412 89438453817125304
2413 89652100067203613
2414 90132672878831008
2415 90360746898310653
2416 90829778902745726
2417 91043845815663589
2418 91529425247886996
2419 91731180322313989
2420 92204831754671354
2421 92419550720882386
2422 92882629454059398
2423 93084503841424597
2424 93562693163680334
2425 93750077615084891
2426 94217522928558976
2427 94419478615505628
2428 94874135791462630
2429 95061434061070281
2430 95532793017965828
2431 95706812217610602
2432 96165112817323070
2433 96352120461106881
2434 96798989757442218
2435 96972438864451780
2436 97434641426697024
2437 97592425402960647
2438 98042605886488478
2439 98215518327515878
2440 98651962689414424
2441 98809231201782356
2442 99262487338913732
2443 99405562389177165
2444 99844800749606120
2445 100001119782946584
2446 100428022853323956
2447 100569851997947918
2448 101011864739299200
2449 101137450627086936
2450 101566733719063220
2451 101707593841466296
2452 102121954729836916
2453 102246193874372976
2454 102677687891630680
2455 102787002835261663
2456 103203568214028322
2457 103326348370210955
2458 103729318727937546
2459 103837031152064419
2460 104255318202827496
2461 104346018381648115
2462 104750502193434690
2463 104856570939786514
2464 105245565272712388
2465 105334237807479229
2466 105740365273181870
2467 105813404101389860
2468 106203456792694670
2469 106290326544772929
2470 106666124469748032
2471 106737425956620595
2472 107128279084417804
2473 107181588879440278
2474 107558133834815944
2475 107627163648067820
2476 107987300420085054
2477 108038248444713057
2478 108415458724873260
2479 108450289488819583
2480 108810651967551964
2481 108859571862449566
2482 109204806036547880
2483 109237316236910349
2484 109597873242166312
2485 109612102120908290
2486 109957469431045186
2487 109987446973927619
2488 110315490261431510
2489 110327106452579011
2490 110672268697544550
2491 110667379267308847
2492 110994994869265498
2493 111003985631111310
2494 111315976375090102
2495 111308316067152205
2496 111635580322434230
2497 111609000667019195
2498 111920283719298400
2499 111910061263441011
2500 112203334893346012
2501 112174279165631796
2502 112484582099056442
2503 112438432660574150
2504 112730742721740888
2505 112698842709497383
2506 112975129846758120
2507 112926003531683569
2508 113217155848464874
2509 113149127803089366
2510 113423890416862068
2511 113372323634661142
2512 113628506089508762
2513 113557737698820216
2514 113830989092961994
2515 113742956671687766
2516 113997800102708526
2517 113924059273489690
2518 114162099979666078
2519 114071270935114907
2520 114324351995605798
2521 114214292416221704
2522 114450372888024436
2523 114356789548572244
2524 114574129567796884
2525 114461264465168135
2526 114695656084747784
2527 114565451786419314
2528 114780664513243176
2529 114665073422877828
2530 114863370267898598
2531 114730636328767852
2532 114943653520636338
2533 114791482194641429
2534 114987615516509750
2535 114852039967330610
2536 115029080618986086
2537 114874174886796117
2538 115067900060947974
2539 114895874704190560
2540 115070379762887386
2541 114913276077265202
2542 115070379762887386
2543 114895874704190560
2544 115067900060947974
2545 114874174886796117
2546 115029080618986086
2547 114852039967330610
2548 114987615516509750
2549 114791482194641429
2550 114943653520636338
2551 114730636328767852
2552 114863370267898598
2553 114665073422877828
2554 114780664513243176
2555 114565451786419314
2556 114695656084747784
2557 114461264465168135
2558 114574129567796884
2559 114356789548572244
2560 114450372888024436
2561 114214292416221704
2562 114324351995605798
2563 114071270935114907
2564 114162099979666078
2565 113924059273489690
2566 113997800102708526
2567 113742956671687766
2568 113830989092961994
2569 113557737698820216
2570 113628506089508762
2571 113372323634661142
2572 113423890416862068
2573 113149127803089366
2574 113217155848464874
2575 112926003531683569
2576 112975129846758120
2577 112698842709497383
2578 112730742721740888
2579 112438432660574150
2580 112484582099056442
2581 112174279165631796
2582 112203334893346012
2583 111910061263441011
2584 111920283719298400
2585 111609000667019195
2586 111635580322434230
2587 111308316067152205
2588 111315976375090102
2589 111003985631111310
2590 110994994869265498
2591 110667379267308847
2592 110672268697544550
2593 110327106452579011
2594 110315490261431510
2595 109987446973927619
2596 109957469431045186
2597 109612102120908290
2598 109597873242166312
2599 109237316236910349
2600 109204806036547880
2601 108859571862449566
2602 108810651967551964
2603 108450289488819583
2604 108415458724873260
2605 108038248444713057
2606 107987300420085054
2607 107627163648067820
2608 107558133834815944
2609 107181588879440278
2610 107128279084417804
2611 106737425956620595
2612 106666124469748032
2613 106290326544772929
2614 106203456792694670
2615 105813404101389860
2616 105740365273181870
2617 105334237807479229
2618 105245565272712388
2619 104856570939786514
2620 104750502193434690
2621 104346018381648115
2622 104255318202827496
2623 103837031152064419
2624 103729318727937546
2625 103326348370210955
2626 103203568214028322
2627 102787002835261663
2628 102677687891630680
2629 102246193874372976
2630 102121954729836916
2631 101707593841466296
2632 101566733719063220
2633 101137450627086936
2634 101011864739299200
2635 100569851997947918
2636 100428022853323956
2637 100001119782946584
2638 99844800749606120
2639 99405562389177165
2640 99262487338913732
2641 98809231201782356
2642 98651962689414424
2643 98215518327515878
2644 98042605886488478
2645 97592425402960647
2646 97434641426697024
2647 96972438864451780
2648 96798989757442218
2649 96352120461106881
2650 96165112817323070
2651 95706812217610602
2652 95532793017965828
2653 95061434061070281
2654 94874135791462630
2655 94419478615505628
2656 94217522928558976
2657 93750077615084891
2658 93562693163680334
2659 93084503841424597
2660 92882629454059398
2661 92419550720882386
2662 92204831754671354
2663 91731180322313989
2664 91529425247886996
2665 91043845815663589
2666 90829778902745726
2667 90360746898310653
2668 90132672878831008
2669 89652100067203613
2670 89438453817125304
2671 88948158172194540
2672 88720866996011842
2673 88245402550928690
2674 88006532389585028
2675 87521515222656269
2676 87295308012940342
2677 86799449480897455
2678 86561685428681206
2679 86082273469489082
2680 85831698902748752
2681 85341982927134332
2682 85105303124496056
2683 84606673461837255
2684 84357638054210532
2685 83873770552919883
2686 83614072376863858
2687 83121672010167122
2688 82874307845463584
2689 82372268383702466
2690 82114383036569576
2691 81628569114055224
2692 81358858139125384
2693 80863634398209501
2694 80607713678645688
2695 80104834930481954
2696 79837533600191644
2697 79349059950926229
2698 79071974983889332
2699 78576205976286733
2700 78311214236326226
2701 77807000762444251
2702 77532516415428706
2703 77043928009722742
2704 76758836957601890
2705 76262114081150410
2706 75990454049289176
2707 75486991447638893
2708 75204926692915628
2709 74715885153796325
2710 74425042619172864
2711 73929689768712289
2712 73650624384347354
2713 73147783088245554
2714 72860365350531316
2715 72372930334703796
2716 72076101252918938
2717 71581472539142471
2718 71297472733626264
2719 70797343803264857
2720 70504126524770648
2721 70018068472607384
2722 69717069315551040
2723 69225662810421422
2724 68936189910451678
2725 68438430281326568
2726 68141661388187656
2727 67658825072901636
2728 67353542038008434
2729 66864795849374184
2730 66572118344744444
2731 66078778916966441
2732 65777860171190766
2733 65298149380450154
2734 64990594961602362
2735 64506549167480622
2736 64210235483467630
2737 63720916096698274
2738 63418069431028132
2739 62943340253777788
2740 62633172256576890
2741 62153581339133094
2742 61855482707677672
2743 61372150739235639
2744 61067103743069048
2745 60597006164753677
2746 60286266117308466
2747 59812747973988216
2748 59512759922707480
2749 59035079086078656
2750 58729640709809112
2751 58266143348770216
2752 57954284900096954
2753 57486746967112610
2754 57186684405611122
2755 56716384281425068
2756 56410359567901796
2757 55952860208409573
2758 55642027847964524
2759 55182043293538853
2760 54881627683616318
2761 54418463961080705
2762 54113470675668946
2763 53663812375998634
2764 53353560928574412
2765 52900935325976619
2766 52601943699551202
2767 52147304390210664
2768 51843253678908682
2769 51401080493020828
2770 51093145192788700
2771 50649344906783731
2772 50351448138169772
2773 49905176816529723
2774 49603658100524066
2775 49170437149014264
2776 48864608759516676
2777 48429200411542340
2778 48134078091396058
2779 47697609109033119
2780 47398351589853778
2781 46973828433270626
2782 46671505993725094
2783 46245996821011054
2784 45953382255979378
2785 45526308090404775
2786 45230958348658888
2787 44816249312287963
2788 44517339766276686
2789 44101369339705797
2790 43812723537858774
2791 43396363057446473
2792 43104434358954048
2793 42699462657698168
2794 42405289477329348
2795 42000041628868856
2796 41715176095979872
2797 41309057922035496
2798 41022087583620636
2799 40627852955671854
2800 40338253102810832
2801 39943411150187281
2802 39663503165350518
2803 39268834360342751
2804 38986533461348778
2805 38602736415931562
2806 38318924106188322
2807 37935463128253399
2808 37660377054386338
2809 37276768150364451
2810 37000339945309356
2811 36627994033463709
2812 36349618799183252
2813 35977242735704237
2814 35708171473437782
2815 35336512016719149
2816 35065749848868914
2817 34704381629922804
2818 34432669631416954
2819 34072219631987361
2820 33808849956366890
2821 33448873432759820
2822 33184698832664610
2823 32835247452979509
2824 32569894897087766
2825 32221004955630114
2826 31964406191407524
2827 31616696599826118
2828 31359020916221246
2829 31021055825855952
2830 30763017138493658
2831 30426434002267364
2832 30176243615651942
2833 29840534108103525
2834 29590175815403124
2835 29264421919916740
2836 29013439522051180
2837 28688666742941184
2838 28445856072777768
2839 28122721923360799
2840 27879425967467760
2841 27565461598252308
2842 27322304233623332
2843 27009991532082772
2844 26774254168724662
2845 26463282883910829
2846 26227844858229556
2847 25926129438404149
2848 25690542089564080
2849 25390290779450279
2850 25162342956342818
2851 24864030393644124
2852 24636079517158066
2853 24346279134869865
2854 24118925620888174
2855 23831118359180259
2856 23610742617182142
2857 23324554001934085
2858 23104807020925482
2859 22827290443993810
2860 22607863009773016
2861 22332104775067962
2862 22119775373887456
2863 21846177974454386
2864 21634283734038838
2865 21368612098271910
2866 21157677004055842
2867 20894202370231839
2868 20689702876424480
2869 20428169914391737
2870 20224680132284470
2871 19971138509550823
2872 19768302620590258
2873 19516720437655759
2874 19320502031334736
2875 19071271428127566
2876 18875844948937024
2877 18633947807367709
2878 18439687737867968
2879 18200174912922076
2880 18011911680159978
2881 17774528871322956
2882 17587505057157482
2883 17357445622762874
2884 17171432748638828
2885 16943504063990832
2886 16763576648064886
2887 16538104299648691
2888 16359203184056504
2889 16140498508034269
2890 15963014326032414
2891 15746809225861623
2892 15574815855913580
2893 15360819611534109
2894 15190306388052474
2895 14983027661220599
2896 14813742092139446
2897 14608695457837976
2898 14444970727259342
2899 14242452645804086
2900 14079972959185186
2901 13883652039355675
2902 13722728964238868
2903 13528905193734646
2904 13373054057859808
2905 13181540694841283
2906 13027290224094658
2907 12841865265918465
2908 12688985276797666
2909 12505872509860544
2910 12358067976494550
2911 12177496187347966
2912 12031090748568494
2913 11856107481141054
2914 11711379023455906
2915 11538908300044780
2916 11398801025089398
2917 11228637672407237
2918 11090195426187088
2919 10925574849637271
2920 10788615073267012
2921 10626300330654621
2922 10493935808737440
2923 10334097323110517
2924 10203243500098834
2925 10048472177247427
2926 9919358793537210
2927 9767024618882621
2928 9642069400518968
2929 9492040867205504
2930 9368803286925886
2931 9223750676731521
2932 9102053072884096
2933 8959254866136277
2934 8841703153755418
2935 8701311058111103
2936 8585322283795706
2937 8449469413169406
2938 8335203291304168
2939 8201727248588629
2940 8091224773491086
2941 7959975384499584
2942 7851174453770540
2943 7724353390970855
2944 7617128804341632
2945 7492489757428199
2946 7388981732830958
2947 7266643374556055
2948 7164676978314214
2949 7046397574624363
2950 6946139200107382
2951 6830119760849287
2952 6733216090425302
2953 6619312948604427
2954 6524097527512686
2955 6414122945645949
2956 6320460129983662
2957 6212559403903855
2958 6122186012076892
2959 6016462533310842
2960 5927615598076974
2961 5825492822222016
2962 5738282728811910
2963 5638263989138599
2964 5554049121273732
2965 5456031830164196
2966 5373435054067736
2967 5278875717250864
2968 5197775319900344
2969 5105166295220413
2970 5026974052051242
2971 4936393737959885
2972 4859665407405638
2973 4772236991390156
2974 4697076609797680
2975 4611609825499696
2976 4539085755559052
2977 4455471359800900
2978 4384468533091906
2979 4303887235225899
2980 4234310120230462
2981 4155536667049817
2982 4088509379254620
2983 4011584886075606
2984 3945949261036648
2985 3871781806985391
2986 3807612153379702
2987 3735234135785273
2988 3673364936213314
2989 3602699197135938
2990 3542245895703960
2991 3474210043725197
2992 3415088368785792
2993 3348696055259538
2994 3291798061178158
2995 3227090455645136
2996 3171491122945982
2997 3109162803574630
2998 3054904667211132
2999 2994202634404588
3000 2941946027873076
3001 2882792772161507
3002 2831834372985226
3003 2774941686926318
3004 2725211554197036
3005 2669803719357634
3006 2621993694360178
3007 2568093718434287
3008 2521465790789224
3009 2469615348804221
3010 2424212217991238
3011 2373811797405224
3012 2330128252357370
3013 2281108754842761
3014 2238604351640448
3015 2191515299794972
3016 2150126481287946
3017 2104360216571193
3018 2064607097439772
3019 2020180294862485
3020 1981498311450118
3021 1938815653784294
3022 1901227595671516
3023 1859821097515379
3024 1823706750491892
3025 1783520014635108
3026 1748456720378710
3027 1709902219827063
3028 1675832031339972
3029 1638444122842953
3030 1605763792739372
3031 1569549671582474
3032 1537819344992940
3033 1503070969290928
3034 1472311821388486
3035 1438677841498968
3036 1409164090492620
3037 1376593206445615
3038 1348002658899150
3039 1316800879648214
3040 1289086595552600
3041 1258898602242386
3042 1232350361556896
3043 1203173349367797
3044 1177462074308764
3045 1149511720862391
3046 1124645678002394
3047 1097652732849795
3048 1073827525612906
3049 1047752100365130
3050 1024729175559316
3051 999790128507978
3052 977528632325962
3053 953455262214184
3054 932165000714158
3055 908955899903572
3056 888389700276100
3057 866192674683495
3058 846351702636802
3059 824971153651867
3060 805992637925402
3061 785391193682242
3062 767098903684156
3063 747428422462595
3064 729789628787808
3065 710852722440720
3066 694013863757074
3067 675803145007864
3068 659579555117868
3069 642197799407786
3070 626589727608174
3071 609892031971956
3072 594990524654440
3073 578944787304698
3074 564623079388716
3075 549333344501667
3076 535563363833784
3077 520884921357647
3078 507763895385608
3079 493689908841879
3080 481086811687026
3081 467681798529772
3082 455592108743156
3083 442751658037427
3084 431235114939418
3085 418933351523166
3086 407898921354730
3087 396203076224732
3088 385625712211214
3089 374432889024686
3090 364377581529344
3091 353679284153270
3092 344051518335112
3093 333885986664799
3094 324681478795800
3095 314975505805569
3096 306228932299852
3097 296960697082870
3098 288607719504280
3099 279819308013044
3100 271840445951122
3101 263459100442698
3102 255893330174376
3103 247909285171869
3104 240691770431694
3105 233126759665980
3106 226251338906488
3107 219054075047271
3108 212539083390524
3109 205692034143808
3110 199493562801648
3111 193020433281607
3112 187122105124688
3113 180971835167750
3114 175396409038550
3115 169560757813710
3116 164263022467782
3117 158751277126743
3118 153724655183354
3119 148502306154053
3120 143755155335060
3121 138807533405621
3122 134309913026578
3123 129648226878087
3124 125387100009530
3125 120977181207364
3126 116963697374550
3127 112797449715191
3128 109000760350614
3129 105080947185903
3130 101494996553746
3131 97797896264640
3132 94424414163160
3133 90937986661211
3134 87757160749448
3135 84485678611200
3136 81486935021642
3137 78407079783858
3138 75594236516272
3139 72699283216687
3140 70052031471042
3141 67340306481836
3142 64852921953338
3143 62308459162197
3144 59979286530216
3145 57592725347826
3146 55408530648064
3147 53179702045476
3148 51131887954774
3149 49045539072151
3150 47134276293736
3151 45184354660782
3152 43396060874620
3153 41578977936515
3154 39908818350316
3155 38214070456321
3156 36658646487666
3157 35078865713922
3158 33629259796472
3159 32162278458367
3160 30812007872842
3161 29447701080100
3162 28194833649648
3163 26928127062121
3164 25763888751658
3165 24590778467601
3166 23510971616010
3167 22424427514861
3168 21425213720058
3169 20419693135593
3170 19495272097834
3171 18567829420652
3172 17713171348094
3173 16857099979629
3174 16069703431452
3175 15281042870084
3176 14555118371976
3177 13830080240745
3178 13162224939520
3179 12496191377096
3180 11882946616800
3181 11271776931916
3182 10709257263556
3183 10150026901365
3184 9634571125984
3185 9122981962891
3186 8652078078630
3187 8185059193834
3188 7754937016220
3189 7329398724864
3190 6937476012878
3191 6550346874066
3192 6193792212148
3193 5842074307468
3194 5518342966000
3195 5199636987173
3196 4906096831808
3197 4617617433019
3198 4352163279226
3199 4091702891475
3200 3851936523416
3201 3617151466567
3202 3401178279854
3203 3190053756232
3204 2995792103358
3205 2806290692324
3206 2632070431784
3207 2462382657186
3208 2306402155620
3209 2154789194577
3210 2015500551056
3211 1880431463916
3212 1756324499054
3213 1636174844234
3214 1525956965700
3215 1419458086727
3216 1321711181770
3217 1227532594047
3218 1141188746966
3219 1058112264940
3220 982024445220
3221 908983155179
3222 842107540906
3223 778114441175
3224 719542427914
3225 663573961696
3226 612478263580
3227 563761058744
3228 519256531752
3229 476987772218
3230 438432625094
3231 401859051991
3232 368566459422
3233 337069087057
3234 308408617104
3235 281405660653
3236 256857743330
3237 233759018769
3238 212836572650
3239 193205288205
3240 175414549038
3241 158802495688
3242 143781370404
3243 129773701619
3244 117149878080
3245 105416361378
3246 94849408348
3247 85079635310
3248 76296893582
3249 68189938771
3250 60938669872
3251 54270080701
3252 48305034714
3253 42853340409
3254 37993354708
3255 33559622415
3256 29627170012
3257 26055048258
3258 22891231544
3259 20038003737
3260 17518853918
3261 15252544577
3262 13265618944
3263 11487726556
3264 9930718836
3265 8549265348
3266 7345760596
3267 6281347113
3268 5361184190
3269 4552663167
3270 3855863150
3271 3250033343
3272 2730823332
3273 2281375324
3274 1900374206
3275 1573382192
3276 1297143816
3277 1063147915
3278 867285950
3279 702408366
3280 566186792
3281 452811930
3282 359832020
3283 283744524
3284 222091440
3285 172134967
3286 132437306
3287 100784847
3288 75901868
3289 56535422
3290 41608106
3291 30177652
3292 21606626
3293 15211505
3294 10517196
3295 7140013
3296 4740760
3297 3067720
3298 1937816
3299 1185202
3300 698286
3301 396731
3302 214558
3303 108848
3304 52016
3305 22729
3306 8790
3307 3011
3308 854
3309 171
3310 20
3311 1
