3276 1
3277 25
3278 276
3279 1819
3280 8351
3281 30141
3282 93154
3283 255292
3284 630552
3285 1437209
3286 3068355
3287 6173685
3288 11832747
3289 21763925
3290 38543722
3291 66075060
3292 110104125
3293 178682876
3294 283244749
3295 439705377
3296 669292866
3297 1000867869
3298 1472832781
3299 2134771268
3300 3051543786
3301 4307109008
3302 6005987603
3303 8282285426
3304 11304120436
3305 15277002847
3306 20457266703
3307 27161832440
3308 35768351182
3309 46740829082
3310 60642031599
3311 78131898277
3312 100011410076
3313 127231746056
3314 160901658383
3315 202337116829
3316 253102014157
3317 314963192545
3318 390039769364
3319 480768389737
3320 589945632115
3321 720785184036
3322 877085188727
3323 1062993918743
3324 1283459786156
3325 1543981335824
3326 1850877001860
3327 2211172584197
3328 2633170338163
3329 3125615778629
3330 3699034309266
3331 4364734883939
3332 5135751141035
3333 6026090429706
3334 7052496690171
3335 8232021599417
3336 9585331537211
3337 11133895364345
3338 12902798348989
3339 14918145766024
3340 17211425152727
3341 19813585802307
3342 22762841078508
3343 26097631810305
3344 29863321033833
3345 34105579680480
3346 38880511170663
3347 44241601693535
3348 50255616551639
3349 56987539242525
3350 64515662353023
3351 72916454096747
3352 82285039284824
3353 92708924115798
3354 104300157088038
3355 117164433866328
3356 131430892980777
3357 147221316620412
3358 164691227402769
3359 183979161802879
3360 205265614155615
3361 228714370941502
3362 254532066792970
3363 282906804324535
3364 314083685341203
3365 348272094999538
3366 385754893092737
3367 426779386269773
3368 471665058709230
3369 520689857125479
3370 574230874993695
3371 632597291614343
3372 696219275379258
3373 765453628222067
3374 840784551149899
3375 922614562166462
3376 1011507396311938
3377 1107900209311404
3378 1212434678998409
3379 1325617258114992
3380 1448162768835343
3381 1580628673069924
3382 1723844767333205
3383 1878419975686745
3384 2045289067915940
3385 2225139082503239
3386 2419010661954391
3387 2627667991900812
3388 2852303174064533
3389 3093727287201602
3390 3353285232191194
3391 3631900318700375
3392 3931055932231767
3393 4251750093664774
3394 4595678574241104
3395 4963915685008696
3396 5358356137779852
3397 5780182530354949
3398 6231488100403050
3399 6713574004601796
3400 7228804509482894
3401 7778529983021860
3402 8365400014405020
3403 8990925592806743
3404 9658007663549034
3405 10368252727693363
3406 11124931552958261
3407 11929751934994402
3408 12786346655924223
3409 13696538780068140
3410 14664323878344329
3411 15691696892752152
3412 16783106020996029
3413 17940572340458617
3414 19169055860176491
3415 20470775628554424
3416 21851136779559609
3417 23312458172429808
3418 24860752401106334
3419 26498455134482460
3420 28232220538865780
3421 30064544405391081
3422 32002718773618454
3423 34049477952743356
3424 36212822332532652
3425 38495444343075602
3426 40906238445677055
3427 43448078532473659
3428 46130628352396260
3429 48956824853354696
3430 51937279749295774
3431 55075055720131405
3432 58381861761847348
3433 61860622283686153
3434 65524130567279139
3435 69375645471861099
3436 73429011008307760
3437 77687289789041269
3438 82165846244269200
3439 86867774550826826
3440 91809743913790071
3441 96994821344230362
3442 102441067519676917
3443 108151670256536730
3444 114146507954168425
3445 120428168341466236
3446 127018347190277783
3447 133920090465008008
3448 141156559611893898
3449 148730309359753616
3450 156667039246613407
3451 164968940557352173
3452 173663867247419832
3453 182753804536214109
3454 192268506836108448
3455 202210092190591113
3456 212611292539994029
3457 223472651649933250
3458 234829887598302087
3459 246684167632995339
3460 259073141131162670
3461 271997018437234961
3462 285497567612964126
3463 299573783734155818
3464 314270893348070932
3465 329587417027487284
3466 345571040124867151
3467 362220434923607639
3468 379588069100357016
3469 397669171098521076
3470 416521072968675734
3471 436139935033186246
3472 456585382082467503
3473 477851917318478656
3474 500005673831439054
3475 523038341149142473
3476 547021587339549320
3477 571946190597824580
3478 597886730086302356
3479 624834170207057010
3480 652870712432064444
3481 681980652163071783
3482 712253897571477220
3483 743676211956900117
3484 776339797411477301
3485 810227841944232320
3486 845442743784273218
3487 881961960301750648
3488 919896614002878265
3489 959222540538931314
3490 1000053981548578167
3491 1042367244748151814
3492 1086288399503575535
3493 1131781686814422233
3494 1178985086149206261
3495 1227865366120781854
3496 1278562206250795929
3497 1331038505688323146
3498 1385449656013601814
3499 1441747738190138160
3500 1500101840354303359
3501 1560461622937977457
3502 1622998682768156721
3503 1687663831552971364
3504 1754646560088500512
3505 1823877121683398460
3506 1895563321242633656
3507 1969639602785747585
3508 2046313682557653590
3509 2125514313149053908
3510 2207473222380890929
3511 2292100296360286287
3512 2379648200740341558
3513 2470023499450416626
3514 2563479105945844552
3515 2659924411072754127
3516 2759639282642843591
3517 2862499106126782397
3518 2968811476015174365
3519 3078458471145889900
3520 3191744027305658034
3521 3308542642422015325
3522 3429194011012431961
3523 3553541215184731380
3524 3681955114234119018
3525 3814274941308020877
3526 3950867354988047213
3527 4091577196511664002
3528 4236811082631010538
3529 4386359100703178096
3530 4540669636957887157
3531 4699543910027829356
3532 4863419545826972844
3533 5032088277236011061
3534 5206039662693169757
3535 5385015500023892033
3536 5569551669082382076
3537 5759385647866505349
3538 5955040784451431767
3539 6156264495678352171
3540 6363639060805415146
3541 6576826988684547055
3542 6796471852088431354
3543 7022254386703216459
3544 7254794512661197165
3545 7493762615541037788
3546 7739853686287050432
3547 7992660236783389040
3548 8252945111725736248
3549 8520296035941603033
3550 8795449867045448474
3551 9078012308780024519
3552 9368804872932079522
3553 9667304822179541257
3554 9974421486671756325
3555 10289662211982264488
3556 10613892672756120988
3557 10946609570062378346
3558 11288785527919002064
3559 11639797914412034649
3560 12000718368107479145
3561 12370921039322616570
3562 12751428821688998183
3563 13141646811014401966
3564 13542716646378044946
3565 13953854498541934160
3566 14376327525777384471
3567 14809398715117446013
3568 15254260527524288532
3569 15710165778130607452
3570 16178458582662285840
3571 16658214863131716205
3572 17150919622636519812
3573 17655649460521462281
3574 18173803783435171555
3575 18704511877417221438
3576 19249339354488731669
3577 19807141011518929963
3578 20379659533416047351
3579 20965819279741298170
3580 21567243482295182990
3581 22182851393117770985
3582 22814476357004742367
3583 23460780567650734443
3584 24123793347031285914
3585 24802187229612705295
3586 25497852851350314294
3587 26209545986282090961
3588 26939386951852244334
3589 27685737333366298650
3590 28450966568364512048
3591 29233540678328553450
3592 30035642096904746111
3593 30855742418916474675
3594 31696309009917587852
3595 32555449072397793061
3596 33435902478270941040
3597 34335800218700705821
3598 35257666625043507671
3599 36199757482324856324
3600 37164913718228211612
3601 38150837743860404495
3602 39160713130235684561
3603 40192395738258817246
3604 41248782845989774376
3605 42327758105900971412
3606 43432604772652243570
3607 44560693975666106224
3608 45715683404087630639
3609 46894985436301532475
3610 48101937209414053960
3611 49334138708992571196
3612 50595354234023237509
3613 51882417938632222593
3614 53199556118558268416
3615 54543828205042166949
3616 55919039854995089899
3617 57322309451651119533
3618 58757959931900947647
3619 60222394717650836062
3620 61720450620353225565
3621 63248603252857203879
3622 64811218933073009062
3623 66405048258231326164
3624 68035022422249506931
3625 69696851922550636190
3626 71396090907752149779
3627 73128767403469268346
3628 74899831484316844788
3629 76705411308769849312
3630 78551149306279252992
3631 80432197046135060849
3632 82354887442421182120
3633 84314489418246313317
3634 86316654889730074424
3635 88357053853222135563
3636 90442085776254168010
3637 92566016775959673466
3638 94736077732952216973
3639 96946967918487749170
3640 99205075999610429178
3641 101505268738159947274
3642 103854843512026894885
3643 106247349799056694411
3644 108690995332594487387
3645 111179518503832685018
3646 113720172625644752165
3647 116307258904652758715
3648 118949010313247641654
3649 121637846189192153400
3650 124383107826001520682
3651 127177807555539702673
3652 130030120933328834665
3653 132933323235119167226
3654 135896762314517255807
3655 138911967321197323394
3656 141989486994021814376
3657 145121127495166280792
3658 148316122983942480678
3659 151567044372348759087
3660 154884410350823172442
3661 158258310360817684686
3662 161700712966448407836
3663 165202507761933421411
3664 168774063226048780811
3665 172406676095684688076
3666 176112227983112491104
3667 179879711547650297400
3668 183722578062960452005
3669 187630200979754226098
3670 191614264003135608020
3671 195665181062842190543
3672 199796288554095793076
3673 203994760952777023482
3674 208275800129951935634
3675 212627662554290919659
3676 217063404674069341712
3677 221571868433026755287
3678 226168047024920391917
3679 230837756943938852807
3680 235598041325489819122
3681 240435250604938494977
3682 245364063948092251959
3683 250372226889895420631
3684 255476509433610713709
3685 260660487897803048267
3686 265943332582156765930
3687 271310040876141802301
3688 276776944465479680229
3689 282329842554204432550
3690 287987546812682759011
3691 293731945799907416161
3692 299584481482554659827
3693 305527774106129579875
3694 311580122687897905280
3695 317726017770462520751
3696 323986408072677862224
3697 330340440876484641775
3698 336812126632508566415
3699 343382435240363841186
3700 350071691135576807083
3701 356861968257704921627
3702 363776714704202251681
3703 370792997583917257891
3704 377937584370360733822
3705 385188555416338094601
3706 392568581897551920646
3707 400058186462409104842
3708 407683371721054046948
3709 415417842915737997490
3710 423291509769142740746
3711 431280424619753278433
3712 439409726517394940477
3713 447656959811714378588
3714 456051136369848490406
3715 464563478838064863394
3716 473227192331719777116
3717 482014838998045409944
3718 490954342085855817411
3719 500021383842490130553
3720 509248082697446402058
3721 518601533757460444026
3722 528118758179873453028
3723 537769846081939986269
3724 547585672779877333968
3725 557538349863057721571
3726 567663561917285475066
3727 577925460069887479537
3728 588364983668694243885
3729 598947989185325777835
3730 609708719766418472026
3731 620617026917327693074
3732 631712349863269032813
3733 642953806640658738844
3734 654386900540352134325
3735 665974583821832745794
3736 677754566353105174050
3737 689692443529512300472
3738 701831858377387450621
3739 714128412926252180365
3740 726632337897116019546
3741 739301436818872335855
3742 752177470579455468448
3743 765223306209855302143
3744 778487047877546780773
3745 791918304489619493223
3746 805572684246889026890
3747 819404598762564430223
3748 833459862131310740429
3749 847696237852185272627
3750 862166871536353693542
3751 876817142597319362396
3752 891708330911656632871
3753 906788625983996543143
3754 922108624679406326074
3755 937622945940411768579
3756 953389946336586998128
3757 969347906827107315444
3758 985564408477480458174
3759 1001983637538541109474
3760 1018661041083772445252
3761 1035545083882028434530
3762 1052700138618975181717
3763 1070059430220578481167
3764 1087697233013285243927
3765 1105550402056822780829
3766 1123679935448230090379
3767 1142030692359139273815
3768 1160673101698892324193
3769 1179531950749326321180
3770 1198689016940926292400
3771 1218076376736540291512
3772 1237760800456491855109
3773 1257679771509369770709
3774 1277910777481495779551
3775 1298372764744430322429
3776 1319155287837166091052
3777 1340181830601701792385
3778 1361525569893742215928
3779 1383119790110266637182
3780 1405049168436862523588
3781 1427222581364711101762
3782 1449738471614247593801
3783 1472514653915942144264
3784 1495631046853512952771
3785 1519012331909668491170
3786 1542751330590070485232
3787 1566750214269089913732
3788 1591116416812344136004
3789 1615757623281469173122
3790 1640761328923567470152
3791 1666047244700372156987
3792 1691716679675137798462
3793 1717659852972917139341
3794 1743994562461273607717
3795 1770622034867340180778
3796 1797637488453577289790
3797 1824950649544700524080
3798 1852672183435483748812
3799 1880684521754520385455
3800 1909116058353296740779
3801 1937856013824683684360
3802 1967008526361805584428
3803 1996477465693313778989
3804 2026383346866484664524
3805 2056594751231222383370
3806 2087251963472736509950
3807 2118236886253155228471
3808 2149662465352488513448
3809 2181420898784452189404
3810 2213643677911293139837
3811 2246190254364485731394
3812 2279213337977826950102
3813 2312580663408790127485
3814 2346415485324962548076
3815 2380603438297657129622
3816 2415287245500810878788
3817 2450310374524870922892
3818 2485839124680518818083
3819 2521732824938394923140
3820 2558125051205030406131
3821 2594887682903287404896
3822 2632176272958273465907
3823 2669823634157078627884
3824 2708010397081244571976
3825 2746579607579418951386
3826 2785676527187661611102
3827 2825165720889282564392
3828 2865215486822769900947
3829 2905640097444589192180
3830 2946636017301117632388
3831 2988036486628574993413
3832 3029998823116111987002
3833 3072371454175080256722
3834 3115337404217618952347
3835 3158698970341734373037
3836 3202668881075009325122
3837 3247061741949146976640
3838 3292048057711629714864
3839 3337467943152463694803
3840 3383519258051393543127
3841 3429982655068091016355
3842 3477089233735835002407
3843 3524642221983960534080
3844 3572825923476829087897
3845 3621462055466877676744
3846 3670765092216962444204
3847 3720502298727946186363
3848 3770923137122373519563
3849 3821809357224803973908
3850 3873360576856401639447
3851 3925388863954821159817
3852 3978125883832571139283
3853 4031313748826611221127
3854 4085222902951813881790
3855 4139622453583049201338
3856 4194727491579261566180
3857 4250329198278804499951
3858 4306677903679167888723
3859 4363500557250032898958
3860 4421088811381027328191
3861 4479186839292879057434
3862 4538027429339439962091
3863 4597390608269929286585
3864 4657546270457883123474
3865 4718192849771814829664
3866 4779645552345437217122
3867 4841634599411859532756
3868 4904410059103987416265
3869 4967728011100682156194
3870 5031879863668231109816
3871 5096546629184731883315
3872 5162067925001931536484
3873 5228145125539840160118
3874 5295048371050229397082
3875 5362521567182621973640
3876 5430877945914560114133
3877 5499766320809249632363
3878 5569552648415354003904
3879 5639922642158023299456
3880 5711166354453389212685
3881 5782999999965999562924
3882 5855761513811853635799
3883 5929079765456218016864
3884 6003348325730004725465
3885 6078220429250991620155
3886 6154008431819657670172
3887 6230415328099068725353
3888 6307803314421787532672
3889 6385764650995583262236
3890 6464723027710169048561
3891 6544313764869021133102
3892 6624872099327439766018
3893 6706069113672797175748
3894 6788294851710634995433
3895 6871119694111706254690
3896 6954998024284013289237
3897 7039528716247752631104
3898 7125071671113110905052
3899 7211283294654968110170
3900 7298581390576425047364
3901 7386494392067551940836
3902 7475511021700325221878
3903 7565209739408592813874
3904 7655976163651401997654
3905 7747431007241621357131
3906 7840022876170404166745
3907 7933256335326298293743
3908 8027654069376191058091
3909 8122753317530458386060
3910 8218967890551490086131
3911 8315901713162964096825
3912 8414035047779419084218
3913 8512824588090261346603
3914 8612831506951702113097
3915 8713570931311832868385
3916 8815484943029805035930
3917 8918137710902488263229
3918 9022043395810450027590
3919 9126632234240069164675
3920 9232503972219175709001
3921 9339126701446842351678
3922 9446974599194165524249
3923 9555592738605340086612
3924 9665530685711015865862
3925 9776165382147438638466
3926 9888138965416013664289
3927 10000895716186359200082
3928 10114940775272638662943
3929 10229774445823082790420
3930 10345984741984474019007
3931 10462918772956032556844
3932 10581262293051708789261
3933 10700406096819637982072
3934 10820891113381732960679
3935 10942197337235020708246
3936 11064951537492891894788
3937 11188441751394277228301
3938 11313400222698250186283
3939 11439191561681606605734
3940 11566391859026665373902
3941 11694430159075554477889
3942 11823976709206516282456
3943 11954285978199431562930
3944 12086138708515249851976
3945 12218840366933531144551
3946 12353006025444026198811
3947 12488043282025801758157
3948 12624664650307853130449
3949 12762058603750979640695
3950 12901058204326642685940
3951 13040939467069366294865
3952 13182357277788384294296
3953 13324661402176068103930
3954 13468612553767104507187
3955 13613363252319490435219
3956 13759799445821499878652
3957 13907131962893373997386
3958 14056058009938046990497
3959 14205904043185630928723
3960 14357478370247599979194
3961 14509859112876560298382
3962 14663990948381507781975
3963 14819051707355965246728
3964 14975782619594609429346
3965 15133446563880407452329
3966 15292904188782686365316
3967 15453195275637084522745
3968 15615321929863750208374
3969 15778389490990687499853
3970 15943186844375493243439
3971 16108950654538527545793
3972 16276595038696564828385
3973 16445076188715251072960
3974 16615460898833957579902
3975 16786819643707205533008
3976 16959988842700576144291
3977 17134135511837245639075
3978 17310230336689689490211
3979 17487187889152470894387
3980 17666139210217988723689
3981 17846073255717614610046
3982 18027879951662142926137
3983 18210696941679196570888
3984 18395553735496864744728
3985 18581273457965183964542
3986 18769057068833209918433
3987 18957856987723428607280
3988 19148614147394428786017
3989 19340389037065894297322
3990 19534274406038047255118
3991 19729047203411415449731
3992 19925979979411164974104
3993 20123933837464996583645
3994 20323908440213985258645
3995 20524933851206539410881
3996 20728166065507250842926
3997 20932282346955127920513
3998 21138630558166416121458
3999 21346032476415699560049
4000 21555544892677966633149
4001 21766111349732959004267
4002 21978958248280754866790
4003 22192711800125849757654
4004 22408798153334941727024
4005 22625939766392559337934
4006 22845256259039376870176
4007 23065660018105267000704
4008 23288445168395380884568
4009 23512128211287822500268
4010 23738218828074449646424
4011 23965395994196751289669
4012 24194843108768516355732
4013 24425375768363824248156
4014 24658364929525928830026
4015 24892273730395830506964
4016 25128695623650479991278
4017 25366201918066656673650
4018 25606042967389511910655
4019 25847001342754737125895
4020 26090523202078003330939
4021 26334949805512001187382
4022 26581967022874090532057
4023 26830098119194826525946
4024 27080662883911654657275
4025 27332339192671434230845
4026 27586655123349962854829
4027 27841896531247081387676
4028 28099838591229727992791
4029 28358886659568797495719
4030 28620434826586639293033
4031 28883124376212651932333
4032 29148566719791080177884
4033 29414912702979449136979
4034 29684037706982731087499
4035 29954297771452867481537
4036 30227160561932855286025
4037 30501154388819436200031
4038 30777977628320830380205
4039 31055722302008878890840
4040 31336362254702075695459
4041 31618122840221425851221
4042 31902553976902740864049
4043 32188143691379445937206
4044 32476680443632533849380
4045 32766110906830687333209
4046 33058515337177178240677
4047 33352068918214647650544
4048 33648399105104544674584
4049 33945870596310363185402
4050 34246367756183171581174
4051 34547772958421891928020
4052 34852274682327122721673
4053 35157903743256598204799
4054 35466376444377003691347
4055 35776017243942136294038
4056 36088805605677761016818
4057 36402467973271346856195
4058 36719305205045667909132
4059 37037295536692793242637
4060 37358240904157939651973
4061 37680329371545372444489
4062 38005645740174860179036
4063 38331846520385283448652
4064 38661349047240249197736
4065 38991976849689666994200
4066 39325625190439596349733
4067 39660442619091989404027
4068 39998613857971281956542
4069 40337626335459338519000
4070 40680020345150529252577
4071 41023562238904286772503
4072 41370241444488789862194
4073 41718056052967275547506
4074 42069303901540354134268
4075 42421401484274621698529
4076 42777011451959436524371
4077 43133735048648434983999
4078 43493659295285137882251
4079 43854741560398040623688
4080 44219389171189784912537
4081 44584833322605110782101
4082 44953870790883073809094
4083 45324040802880380847229
4084 45697531225994060369206
4085 46072139166810032827305
4086 46450390216321706209376
4087 46829444202482717809208
4088 47212225985611259578731
4089 47596096575561620419518
4090 47983350668267637471272
4091 48371741119444878495531
4092 48763913157670437721974
4093 49156823946010450659085
4094 49553541486441464006880
4095 49951365458579154071491
4096 50352695298179801632623
4097 50755113667276712521536
4098 51161388938722977271968
4099 51568404546242527496529
4100 51979367555564414851965
4101 52391382775204608114465
4102 52806966377448184182261
4103 53223653103184698437092
4104 53644338650933538291500
4105 54065691553910196090728
4106 54491068116988981592271
4107 54917513181560145783144
4108 55347651100584976883739
4109 55778833488686564750479
4110 56214090004927739646382
4111 56650010074353008464554
4112 57090100716768961873206
4113 57531194383975925430575
4114 57976039165925467331671
4115 58421941584010336468718
4116 58872063056177085786161
4117 59322765945685619256174
4118 59777711985273089803224
4119 60233672818764716249599
4120 60693514459990792265310
4121 61154343303831901192174
4122 61619465932786661080600
4123 62085160346573187743410
4124 62555247822626504853456
4125 63026275905698812035983
4126 63501237998666977154214
4127 63977199181088344001835
4128 64457601527611013851435
4129 64938480354285258217383
4130 65423823869473411756065
4131 65910114911800405593741
4132 66400474755804261216570
4133 66891750638822026467347
4134 67387537996844653972259
4135 67883789646556772298742
4136 68384658249433694158531
4137 68886391136883235226390
4138 69392239992569613325098
4139 69899011805343576030572
4140 70410448418127381091495
4141 70922240112653951851073
4142 71438718925471885801570
4143 71956063504771032760622
4144 72477660133103417516136
4145 73000087277480933670745
4146 73527243930701796629542
4147 74054741222301526450791
4148 74587079841412821790042
4149 75120187526854240676583
4150 75657591454435434047031
4151 76195827454459497975649
4152 76738952291817433676974
4153 77282293645684585250114
4154 77830540466803023931897
4155 78379556586237652797392
4156 78933005664321915435608
4157 79487184546196134665414
4158 80046310356056880496281
4159 80605631908842225893076
4160 81170018906190136407613
4161 81735064264676125034604
4162 82304583454004895509005
4163 82874828214760927431668
4164 83450180679674203495780
4165 84025593679071806285424
4166 84606129226543447008891
4167 85187322212159940888136
4168 85773125812811288962111
4169 86359538315751166123591
4170 86951113527237464366935
4171 87542721781095170590926
4172 88139618262097917188098
4173 88737046267982200899785
4174 89339117157580070213568
4175 89941791573361273800572
4176 90549790510410220872246
4177 91157675864606473541663
4178 91770898168560354775959
4179 92384645444194405815116
4180 93003177033808696451500
4181 93622180113728369749270
4182 94246559214250611920891
4183 94870790416749200969568
4184 95500524851668972319512
4185 96130647625464774802806
4186 96765577175718779279937
4187 97400972205730914164840
4188 98041905257859703842536
4189 98682527238655740004878
4190 99328697268989575584278
4191 99975243065273495504955
4192 100626741461002108590680
4193 101278557198050762876368
4194 101935953180722138035225
4195 102593002128556575970590
4196 103255765449912875875830
4197 103918757328910479817026
4198 104586713211101649000036
4199 105254974526207685803999
4200 105928983301276974730077
4201 106602464744869646216134
4202 107281700636156322697994
4203 107961146466673625087758
4204 108645701148282414538298
4205 109330402049839840023218
4206 110020881991643839116085
4207 110710797483809412518043
4208 111406633123229042650020
4209 112102514956643924658240
4210 112803510890291729858697
4211 113504635400361682711966
4212 114211711212290726193620
4213 114918024210010760209900
4214 115630286336768503429419
4215 116342576076273468802354
4216 117060122920677442333249
4217 117777628190682845388259
4218 118501104612298665984646
4219 119223774417259644308225
4220 119952563838413997350832
4221 120681200011783179922783
4222 121415091929743309877252
4223 122148918541636811302407
4224 122888887416951374078690
4225 123627839579922850332608
4226 124372927714450737877757
4227 125117844517170575703170
4228 125868157503067854998410
4229 126618217889953248391122
4230 127374434016005780425087
4231 128129582906894379158303
4232 128891043301844708741567
4233 129652133661585702966483
4234 130418604837888311419920
4235 131184800518518891383928
4236 131957321260845684090776
4237 132728552905187087628030
4238 133506098712168413113765
4239 134283251041360708871632
4240 135065928253661304557486
4241 135848124797997845777533
4242 136636652813287989703230
4243 137423834800957833486385
4244 138217504238243901182090
4245 139010570584054167054474
4246 139809131593574721101231
4247 140607190389072495247005
4248 141411747122698326366256
4249 142214717353985878885797
4250 143024170216453887019465
4251 143832991148106977403942
4252 144647454502551502953662
4253 145461192472753947269963
4254 146281419806377225028687
4255 147100004669470883535831
4256 147925242463925759163775
4257 148749628238598598488151
4258 149579609727420818170316
4259 150408839232443685895953
4260 151244729113665658629977
4261 152078716996416504202169
4262 152919344657072667228192
4263 153759086077849763644318
4264 154604567220994257253768
4265 155449062569353883256729
4266 156300193503858878107630
4267 157149368808239173828111
4268 158005350222232700196577
4269 158860207084568858675239
4270 159720747558573057413678
4271 160580270839213597687677
4272 161446604867578064969675
4273 162310704609599363296228
4274 163181580693486763694656
4275 164051301177273797090181
4276 164926844346573390967400
4277 165801126451507942049293
4278 166682177198828615068423
4279 167560934798774626502361
4280 168446639050006784018415
4281 169330931371182301712569
4282 170220980085150703676716
4283 171109731487771938157531
4284 172005422460880062733915
4285 172898531237704192951306
4286 173798538825457042770713
4287 174697107679584445186771
4288 175601566779806052530730
4289 176504466343381240752299
4290 177414253371496290780429
4291 178321394623758345299862
4292 179235609030522179962353
4293 180148109919626226586689
4294 181066415525309486988654
4295 181983130424389710268730
4296 182906898419148155255177
4297 183827721626999044682753
4298 184755550641718479834688
4299 185681635976428625261309
4300 186613663020157263360011
4301 187543818899138995260163
4302 188480965758092612210654
4303 189415099657551607953317
4304 190356408128086339585233
4305 191295689252729094831239
4306 192240806256377969768089
4307 193184026911631686150844
4308 194134398255731555757319
4309 195081439494497112399430
4310 196035576986862025053521
4311 196987653555992034474919
4312 197945706054345563849667
4313 198901563799478742946444
4314 199864489571024049572546
4315 200824023326659015558317
4316 201790816213222416155381
4317 202755256224517414804475
4318 203725544556489134645071
4319 204693610248138931484527
4320 205668907442714944063238
4321 206640477158285515429256
4322 207619216224967366503814
4323 208595566621228081879242
4324 209577898322911110319874
4325 210557701091844870153412
4326 211544631090241041937319
4327 212527779443352696379538
4328 213518252928519520383795
4329 214506028467491075248472
4330 215499645768945142704755
4331 216490704131267239159752
4332 217489056367348913009000
4333 218483273533027151408434
4334 219484704120665715515812
4335 220483409596002442328137
4336 221488082294127144419338
4337 222489883441463488919431
4338 223498851046177370927230
4339 224503627564690902267059
4340 225515776550970728433716
4341 226524874321001255169279
4342 227539787298705906906531
4343 228551797204591031506132
4344 229571133169018206330553
4345 230585918100879742797729
4346 231607940065699609362618
4347 232626893957920658093048
4348 233651780376017947394866
4349 234673434483974542274556
4350 235702274809706062482171
4351 236726507541030333810290
4352 237758139279936488793982
4353 238786359922357760282738
4354 239820336923293252746569
4355 240851061493095478469271
4356 241889123589950447935269
4357 242922213038279371528613
4358 243962542032008011113270
4359 244999442958066204470974
4360 246042220282725821566846
4361 247081399735016817936453
4362 248127764200383865875492
4363 249169099507314657730379
4364 250217827799864611866273
4365 251262781345292377640289
4366 252313409855757680495875
4367 253360432588711915349046
4368 254414782695665646014856
4369 255463723225420253041530
4370 256519883946012353740249
4371 257572254077862180185922
4372 258630422592555079259396
4373 259684624063187389853094
4374 260745974918592655341199
4375 261801873020249452114882
4376 262865135833151674094547
4377 263924258614586884397491
4378 264988952244949216704205
4379 266049673229699275572050
4380 267117688800805630947872
4381 268179856093615066291162
4382 269249201760332398625300
4383 270314393762449007810867
4384 271385270474630987384738
4385 272451811375841244283241
4386 273525442990429182693068
4387 274593198145927431420408
4388 275668265942071993631920
4389 276738816512953990065809
4390 277814811079492761637810
4391 278886466817114852535865
4392 279965361542831661063113
4393 281037970625228350813204
4394 282117679080287978589393
4395 283192872706885419448327
4396 284273614108357061603977
4397 285349653407891017802724
4398 286432700693654327488301
4399 287509437823186349789437
4400 288593412024990219444726
4401 289672494435345315124077
4402 290756869630071798911927
4403 291836543564564891317956
4404 292923363826768125602991
4405 294003465416191392382965
4406 295090563335806853989446
4407 296172790279663871683847
4408 297260402854825616670045
4409 298342938094063075496649
4410 299432374690309876551707
4411 300515073369630761670501
4412 301604909033706954744013
4413 302689484403464852362652
4414 303779163498489583465019
4415 304863784697697858021868
4416 305955434380742413289180
4417 307039940072308696352968
4418 308131313954932783469610
4419 309217454088528397714036
4420 310308794089159798454676
4421 311394689132187872532503
4422 312487353505474967166385
4423 313572860238038000877834
4424 314665364636137126779990
4425 315752249759319050505367
4426 316844024440187658896004
4427 317930394527572475465330
4428 319023650064603203958942
4429 320109331278839265024060
4430 321201727144736409237486
4431 322288536899190354414884
4432 323380336189611091687652
4433 324466333392781736152118
4434 325558928111823356814164
4435 326643957850737049037097
4436 327735819677891061203329
4437 328821714664660193145110
4438 329912260156809541728531
4439 330997051823478092582336
4440 332088560447480694979778
4441 333172078380535961284421
4442 334262131744296384554469
4443 335346259173952986382762
4444 336435125318688477151945
4445 337517846293692310814133
4446 338606967744282250709906
4447 339688131695868932766291
4448 340775936308900870205001
4449 341857426437479206193545
4450 342943302483935839246675
4451 344023090142792353829485
4452 345109400947245320266230
4453 346187321300318406184328
4454 347271556354200674174562
4455 348349542643644841903881
4456 349431991764140163766203
4457 350507968988211262442777
4458 351590122724674552248304
4459 352663929583009544971817
4460 353744160224536069874990
4461 354817746343559433594695
4462 355895429449678117044099
4463 356966707789123782285770
4464 358044272747462851878355
4465 359113067272862407647301
4466 360187929808278998172777
4467 361256240796589138555391
4468 362328713447766972452260
4469 363394391549750800433824
4470 364465997017299863926056
4471 365528886667151092696114
4472 366597956638237188256761
4473 367660073374195027760432
4474 368725957185433886867484
4475 369785141417891280324645
4476 370850350347697106130090
4477 371906432403796236118542
4478 372968308777811151685315
4479 374023336201135048383085
4480 375082199915138531355357
4481 376133969828217816163383
4482 377191391955307073346093
4483 378239754520330378162649
4484 379294011508650721804859
4485 380341030132630094842127
4486 381391460988998276487565
4487 382434922220754327280795
4488 383484120437999252937373
4489 384523844878156822073021
4490 385569064891106605478372
4491 386607164472854815495968
4492 387648749949261072173777
4493 388682967588209086740925
4494 389722520150868938062280
4495 390752697921192031450270
4496 391788458178842587221787
4497 392816722975363147886441
4498 393848021112939633604721
4499 394872088962497882652066
4500 395901580588737380613390
4501 396921281330419595902560
4502 397946154162269930927553
4503 398963663182011497426692
4504 399984266956046123735305
4505 400997258536777954584525
4506 402015241746352100425630
4507 403023565702347044841796
4508 404037135207041141536728
4509 405042964962508179942176
4510 406051426133211987732148
4511 407052427215778694069419
4512 408058514128189182668957
4513 409054525127448723379967
4514 410055341260968505588521
4515 411048582474938320623967
4516 412044504793305434017581
4517 413032602383036556273572
4518 414025324458318032785666
4519 415008118967951288656563
4520 415995796932235233931265
4521 416975523403950337099536
4522 417957457385519546800476
4523 418931734962120899513113
4524 419910718174165296309228
4525 420879376705239709923893
4526 421852450018347708846003
4527 422817770685851672977921
4528 423785335746677679631133
4529 424744880464626325315758
4530 425708659629393346104316
4531 426662279873764577065882
4532 427620398552075335383087
4533 428570389804846382985230
4534 429522124113221911125441
4535 430466040993265563235522
4536 431414260369238647459819
4537 432351945744640207121719
4538 433293631950091816286809
4539 434227406574827268632300
4540 435162968937441778644232
4541 436090351498346237706186
4542 437021555707094545195879
4543 437942409399398736885057
4544 438867335367864616787098
4545 439783996503970345418905
4546 440701916746900193467261
4547 441611897433816461416892
4548 442525754532433044223344
4549 443428889455531063115883
4550 444335590655200896269841
4551 445234260720688542523839
4552 446134242194905078871229
4553 447025924822604860608677
4554 447920976165803255902143
4555 448805526861722134730288
4556 449693701998180468668196
4557 450573515814473534494892
4558 451454086949876624668592
4559 452326617068478284201503
4560 453202577808845916392307
4561 454067672160129201601797
4562 454935876973675329255009
4563 455795971927315762407592
4564 456656865033274367974208
4565 457509382570725712071302
4566 458364796455137527242351
4567 459209604498040003132907
4568 460057569504608173829739
4569 460897098780253730821801
4570 461736866442469084860902
4571 462568534608786046638228
4572 463403169444878739476512
4573 464226838714548842911738
4574 465053125193684796439964
4575 465871266472260879115358
4576 466689675981239427766868
4577 467499676260524104972931
4578 468312082967437050065359
4579 469113805306417864169997
4580 469918199656825548168901
4581 470714128586564028428565
4582 471509763007211704417854
4583 472297282362674974808755
4584 473087266354463329811629
4585 473866233765235494276442
4586 474647309031352999851367
4587 475420248545699876955704
4588 476192913082684695101254
4589 476957159813528833603212
4590 477723306985153704117424
4591 478478737902513238663226
4592 479236340593653266004038
4593 479985494445670119618373
4594 480733787840241223938427
4595 481473996885444845778235
4596 482216154330146887180793
4597 482947291747550174909073
4598 483680012751441681919024
4599 484404632942857982111089
4600 485128424253667178103505
4601 485843835326942436470608
4602 486560628165498794471693
4603 487266722185372746837655
4604 487974452775834456138046
4605 488673796954532784780382
4606 489371705681797113336499
4607 490061607584766321168301
4608 490752928727349733164144
4609 491433255977536012096096
4610 492114631332752534135284
4611 492787986570528761134232
4612 493459949705768396510403
4613 494123617373581084672333
4614 494788117098599025317593
4615 495441984896771141296223
4616 496096943780656754357681
4617 496743626759328789572785
4618 497388290866426282841525
4619 498025050744531553360735
4620 498662691807655078984346
4621 499289415779221461253490
4622 499916643352848988241125
4623 500535979054921782772723
4624 501153332395779740158530
4625 501762521839250579621746
4626 502371984716847376184104
4627 502970933165853068925449
4628 503570419974772448496526
4629 504161766956377555683456
4630 504750508881484714391844
4631 505331496324303399560979
4632 505912818867473587167023
4633 506483350937669121919770
4634 507053814815068240169344
4635 507616562990383644665029
4636 508176735581690300328336
4637 508728923801363458081797
4638 509280822304697114574976
4639 509822351200826561523318
4640 510363859836708171164381
4641 510897412946915278751694
4642 511427774118803130817840
4643 511950577319540351900373
4644 512473144858220049025228
4645 512985099063250702652362
4646 513496409608654528449356
4647 514000226340438256290564
4648 514500874769518498674729
4649 514993744283715856053578
4650 515485758967420712604637
4651 515967599180229957993730
4652 516448859368050177846232
4653 516922393814848672423210
4654 517392129425604824775987
4655 517854549993028778095009
4656 518316164018120170574133
4657 518767391664129632880541
4658 519217400810236364315208
4659 519660162527769757668670
4660 520099166241754096320263
4661 520530641491705677870413
4662 520960699067807625020973
4663 521380826399903676138815
4664 521799793080074274840298
4665 522211310588963155952352
4666 522618428501008202673249
4667 523018518723347086518117
4668 523417233333668713208090
4669 523805815238805326555784
4670 524192608673708994956764
4671 524572445322935091786522
4672 524947941916203887148010
4673 525316206091103106191563
4674 525682471271935323025553
4675 526039097279271732129370
4676 526393987727620620555475
4677 526741750517389561321904
4678 527084522287514214178510
4679 527420575433675818237194
4680 527754690922718744147566
4681 528078973536588731355125
4682 528400903952324701858128
4683 528716211979508744133839
4684 529026587229907187670279
4685 529330068875013531514833
4686 529630979838599191437056
4687 529922588773957458460027
4688 530211894644932218526673
4689 530494413948309825937078
4690 530771364341257229362109
4691 531041947796251670483135
4692 531310041220984900641065
4693 531568647702683735171117
4694 531824327333632877635834
4695 532073758968953651529901
4696 532317678505356694027965
4697 532555085324766288063863
4698 532789362372255485429867
4699 533014695654388367387209
4700 533237171782839405471608
4701 533453243085417973685284
4702 533663183783782738516323
4703 533867147683344010527356
4704 534068060571954900404358
4705 534259876331827268507381
4706 534448205066305893236024
4707 534630699872183228526561
4708 534807121991715982450747
4709 534977427327331826092779
4710 535144059192364094486192
4711 535302147297720758276293
4712 535456840564121918276844
4713 535605548953756945405368
4714 535747563374607296900920
4715 535884028878790418444307
4716 536016898933273873656566
4717 536141101126296385814089
4718 536261275065007917202924
4719 536376043246697704798666
4720 536484199806324364359734
4721 536586672633646858425258
4722 536684948169836848478265
4723 536775117825625682491484
4724 536861351182986149711593
4725 536942055164741325329622
4726 537015527040943921145447
4727 537083911837730644344744
4728 537148178053906981925876
4729 537204221514165351950028
4730 537255716424983418627235
4731 537302266106282917220689
4732 537341691565679317329607
4733 537375900103092167608062
4734 537405388062224913043358
4735 537427244197603251416510
4736 537444646246093749211991
4737 537457005972983045636174
4738 537461622176981217917425
4739 537461622176981217917425
4740 537457005972983045636174
4741 537444646246093749211991
4742 537427244197603251416510
4743 537405388062224913043358
4744 537375900103092167608062
4745 537341691565679317329607
4746 537302266106282917220689
4747 537255716424983418627235
4748 537204221514165351950028
4749 537148178053906981925876
4750 537083911837730644344744
4751 537015527040943921145447
4752 536942055164741325329622
4753 536861351182986149711593
4754 536775117825625682491484
4755 536684948169836848478265
4756 536586672633646858425258
4757 536484199806324364359734
4758 536376043246697704798666
4759 536261275065007917202924
4760 536141101126296385814089
4761 536016898933273873656566
4762 535884028878790418444307
4763 535747563374607296900920
4764 535605548953756945405368
4765 535456840564121918276844
4766 535302147297720758276293
4767 535144059192364094486192
4768 534977427327331826092779
4769 534807121991715982450747
4770 534630699872183228526561
4771 534448205066305893236024
4772 534259876331827268507381
4773 534068060571954900404358
4774 533867147683344010527356
4775 533663183783782738516323
4776 533453243085417973685284
4777 533237171782839405471608
4778 533014695654388367387209
4779 532789362372255485429867
4780 532555085324766288063863
4781 532317678505356694027965
4782 532073758968953651529901
4783 531824327333632877635834
4784 531568647702683735171117
4785 531310041220984900641065
4786 531041947796251670483135
4787 530771364341257229362109
4788 530494413948309825937078
4789 530211894644932218526673
4790 529922588773957458460027
4791 529630979838599191437056
4792 529330068875013531514833
4793 529026587229907187670279
4794 528716211979508744133839
4795 528400903952324701858128
4796 528078973536588731355125
4797 527754690922718744147566
4798 527420575433675818237194
4799 527084522287514214178510
4800 526741750517389561321904
4801 526393987727620620555475
4802 526039097279271732129370
4803 525682471271935323025553
4804 525316206091103106191563
4805 524947941916203887148010
4806 524572445322935091786522
4807 524192608673708994956764
4808 523805815238805326555784
4809 523417233333668713208090
4810 523018518723347086518117
4811 522618428501008202673249
4812 522211310588963155952352
4813 521799793080074274840298
4814 521380826399903676138815
4815 520960699067807625020973
4816 520530641491705677870413
4817 520099166241754096320263
4818 519660162527769757668670
4819 519217400810236364315208
4820 518767391664129632880541
4821 518316164018120170574133
4822 517854549993028778095009
4823 517392129425604824775987
4824 516922393814848672423210
4825 516448859368050177846232
4826 515967599180229957993730
4827 515485758967420712604637
4828 514993744283715856053578
4829 514500874769518498674729
4830 514000226340438256290564
4831 513496409608654528449356
4832 512985099063250702652362
4833 512473144858220049025228
4834 511950577319540351900373
4835 511427774118803130817840
4836 510897412946915278751694
4837 510363859836708171164381
4838 509822351200826561523318
4839 509280822304697114574976
4840 508728923801363458081797
4841 508176735581690300328336
4842 507616562990383644665029
4843 507053814815068240169344
4844 506483350937669121919770
4845 505912818867473587167023
4846 505331496324303399560979
4847 504750508881484714391844
4848 504161766956377555683456
4849 503570419974772448496526
4850 502970933165853068925449
4851 502371984716847376184104
4852 501762521839250579621746
4853 501153332395779740158530
4854 500535979054921782772723
4855 499916643352848988241125
4856 499289415779221461253490
4857 498662691807655078984346
4858 498025050744531553360735
4859 497388290866426282841525
4860 496743626759328789572785
4861 496096943780656754357681
4862 495441984896771141296223
4863 494788117098599025317593
4864 494123617373581084672333
4865 493459949705768396510403
4866 492787986570528761134232
4867 492114631332752534135284
4868 491433255977536012096096
4869 490752928727349733164144
4870 490061607584766321168301
4871 489371705681797113336499
4872 488673796954532784780382
4873 487974452775834456138046
4874 487266722185372746837655
4875 486560628165498794471693
4876 485843835326942436470608
4877 485128424253667178103505
4878 484404632942857982111089
4879 483680012751441681919024
4880 482947291747550174909073
4881 482216154330146887180793
4882 481473996885444845778235
4883 480733787840241223938427
4884 479985494445670119618373
4885 479236340593653266004038
4886 478478737902513238663226
4887 477723306985153704117424
4888 476957159813528833603212
4889 476192913082684695101254
4890 475420248545699876955704
4891 474647309031352999851367
4892 473866233765235494276442
4893 473087266354463329811629
4894 472297282362674974808755
4895 471509763007211704417854
4896 470714128586564028428565
4897 469918199656825548168901
4898 469113805306417864169997
4899 468312082967437050065359
4900 467499676260524104972931
4901 466689675981239427766868
4902 465871266472260879115358
4903 465053125193684796439964
4904 464226838714548842911738
4905 463403169444878739476512
4906 462568534608786046638228
4907 461736866442469084860902
4908 460897098780253730821801
4909 460057569504608173829739
4910 459209604498040003132907
4911 458364796455137527242351
4912 457509382570725712071302
4913 456656865033274367974208
4914 455795971927315762407592
4915 454935876973675329255009
4916 454067672160129201601797
4917 453202577808845916392307
4918 452326617068478284201503
4919 451454086949876624668592
4920 450573515814473534494892
4921 449693701998180468668196
4922 448805526861722134730288
4923 447920976165803255902143
4924 447025924822604860608677
4925 446134242194905078871229
4926 445234260720688542523839
4927 444335590655200896269841
4928 443428889455531063115883
4929 442525754532433044223344
4930 441611897433816461416892
4931 440701916746900193467261
4932 439783996503970345418905
4933 438867335367864616787098
4934 437942409399398736885057
4935 437021555707094545195879
4936 436090351498346237706186
4937 435162968937441778644232
4938 434227406574827268632300
4939 433293631950091816286809
4940 432351945744640207121719
4941 431414260369238647459819
4942 430466040993265563235522
4943 429522124113221911125441
4944 428570389804846382985230
4945 427620398552075335383087
4946 426662279873764577065882
4947 425708659629393346104316
4948 424744880464626325315758
4949 423785335746677679631133
4950 422817770685851672977921
4951 421852450018347708846003
4952 420879376705239709923893
4953 419910718174165296309228
4954 418931734962120899513113
4955 417957457385519546800476
4956 416975523403950337099536
4957 415995796932235233931265
4958 415008118967951288656563
4959 414025324458318032785666
4960 413032602383036556273572
4961 412044504793305434017581
4962 411048582474938320623967
4963 410055341260968505588521
4964 409054525127448723379967
4965 408058514128189182668957
4966 407052427215778694069419
4967 406051426133211987732148
4968 405042964962508179942176
4969 404037135207041141536728
4970 403023565702347044841796
4971 402015241746352100425630
4972 400997258536777954584525
4973 399984266956046123735305
4974 398963663182011497426692
4975 397946154162269930927553
4976 396921281330419595902560
4977 395901580588737380613390
4978 394872088962497882652066
4979 393848021112939633604721
4980 392816722975363147886441
4981 391788458178842587221787
4982 390752697921192031450270
4983 389722520150868938062280
4984 388682967588209086740925
4985 387648749949261072173777
4986 386607164472854815495968
4987 385569064891106605478372
4988 384523844878156822073021
4989 383484120437999252937373
4990 382434922220754327280795
4991 381391460988998276487565
4992 380341030132630094842127
4993 379294011508650721804859
4994 378239754520330378162649
4995 377191391955307073346093
4996 376133969828217816163383
4997 375082199915138531355357
4998 374023336201135048383085
4999 372968308777811151685315
5000 371906432403796236118542
5001 370850350347697106130090
5002 369785141417891280324645
5003 368725957185433886867484
5004 367660073374195027760432
5005 366597956638237188256761
5006 365528886667151092696114
5007 364465997017299863926056
5008 363394391549750800433824
5009 362328713447766972452260
5010 361256240796589138555391
5011 360187929808278998172777
5012 359113067272862407647301
5013 358044272747462851878355
5014 356966707789123782285770
5015 355895429449678117044099
5016 354817746343559433594695
5017 353744160224536069874990
5018 352663929583009544971817
5019 351590122724674552248304
5020 350507968988211262442777
5021 349431991764140163766203
5022 348349542643644841903881
5023 347271556354200674174562
5024 346187321300318406184328
5025 345109400947245320266230
5026 344023090142792353829485
5027 342943302483935839246675
5028 341857426437479206193545
5029 340775936308900870205001
5030 339688131695868932766291
5031 338606967744282250709906
5032 337517846293692310814133
5033 336435125318688477151945
5034 335346259173952986382762
5035 334262131744296384554469
5036 333172078380535961284421
5037 332088560447480694979778
5038 330997051823478092582336
5039 329912260156809541728531
5040 328821714664660193145110
5041 327735819677891061203329
5042 326643957850737049037097
5043 325558928111823356814164
5044 324466333392781736152118
5045 323380336189611091687652
5046 322288536899190354414884
5047 321201727144736409237486
5048 320109331278839265024060
5049 319023650064603203958942
5050 317930394527572475465330
5051 316844024440187658896004
5052 315752249759319050505367
5053 314665364636137126779990
5054 313572860238038000877834
5055 312487353505474967166385
5056 311394689132187872532503
5057 310308794089159798454676
5058 309217454088528397714036
5059 308131313954932783469610
5060 307039940072308696352968
5061 305955434380742413289180
5062 304863784697697858021868
5063 303779163498489583465019
5064 302689484403464852362652
5065 301604909033706954744013
5066 300515073369630761670501
5067 299432374690309876551707
5068 298342938094063075496649
5069 297260402854825616670045
5070 296172790279663871683847
5071 295090563335806853989446
5072 294003465416191392382965
5073 292923363826768125602991
5074 291836543564564891317956
5075 290756869630071798911927
5076 289672494435345315124077
5077 288593412024990219444726
5078 287509437823186349789437
5079 286432700693654327488301
5080 285349653407891017802724
5081 284273614108357061603977
5082 283192872706885419448327
5083 282117679080287978589393
5084 281037970625228350813204
5085 279965361542831661063113
5086 278886466817114852535865
5087 277814811079492761637810
5088 276738816512953990065809
5089 275668265942071993631920
5090 274593198145927431420408
5091 273525442990429182693068
5092 272451811375841244283241
5093 271385270474630987384738
5094 270314393762449007810867
5095 269249201760332398625300
5096 268179856093615066291162
5097 267117688800805630947872
5098 266049673229699275572050
5099 264988952244949216704205
5100 263924258614586884397491
5101 262865135833151674094547
5102 261801873020249452114882
5103 260745974918592655341199
5104 259684624063187389853094
5105 258630422592555079259396
5106 257572254077862180185922
5107 256519883946012353740249
5108 255463723225420253041530
5109 254414782695665646014856
5110 253360432588711915349046
5111 252313409855757680495875
5112 251262781345292377640289
5113 250217827799864611866273
5114 249169099507314657730379
5115 248127764200383865875492
5116 247081399735016817936453
5117 246042220282725821566846
5118 244999442958066204470974
5119 243962542032008011113270
5120 242922213038279371528613
5121 241889123589950447935269
5122 240851061493095478469271
5123 239820336923293252746569
5124 238786359922357760282738
5125 237758139279936488793982
5126 236726507541030333810290
5127 235702274809706062482171
5128 234673434483974542274556
5129 233651780376017947394866
5130 232626893957920658093048
5131 231607940065699609362618
5132 230585918100879742797729
5133 229571133169018206330553
5134 228551797204591031506132
5135 227539787298705906906531
5136 226524874321001255169279
5137 225515776550970728433716
5138 224503627564690902267059
5139 223498851046177370927230
5140 222489883441463488919431
5141 221488082294127144419338
5142 220483409596002442328137
5143 219484704120665715515812
5144 218483273533027151408434
5145 217489056367348913009000
5146 216490704131267239159752
5147 215499645768945142704755
5148 214506028467491075248472
5149 213518252928519520383795
5150 212527779443352696379538
5151 211544631090241041937319
5152 210557701091844870153412
5153 209577898322911110319874
5154 208595566621228081879242
5155 207619216224967366503814
5156 206640477158285515429256
5157 205668907442714944063238
5158 204693610248138931484527
5159 203725544556489134645071
5160 202755256224517414804475
5161 201790816213222416155381
5162 200824023326659015558317
5163 199864489571024049572546
5164 198901563799478742946444
5165 197945706054345563849667
5166 196987653555992034474919
5167 196035576986862025053521
5168 195081439494497112399430
5169 194134398255731555757319
5170 193184026911631686150844
5171 192240806256377969768089
5172 191295689252729094831239
5173 190356408128086339585233
5174 189415099657551607953317
5175 188480965758092612210654
5176 187543818899138995260163
5177 186613663020157263360011
5178 185681635976428625261309
5179 184755550641718479834688
5180 183827721626999044682753
5181 182906898419148155255177
5182 181983130424389710268730
5183 181066415525309486988654
5184 180148109919626226586689
5185 179235609030522179962353
5186 178321394623758345299862
5187 177414253371496290780429
5188 176504466343381240752299
5189 175601566779806052530730
5190 174697107679584445186771
5191 173798538825457042770713
5192 172898531237704192951306
5193 172005422460880062733915
5194 171109731487771938157531
5195 170220980085150703676716
5196 169330931371182301712569
5197 168446639050006784018415
5198 167560934798774626502361
5199 166682177198828615068423
5200 165801126451507942049293
5201 164926844346573390967400
5202 164051301177273797090181
5203 163181580693486763694656
5204 162310704609599363296228
5205 161446604867578064969675
5206 160580270839213597687677
5207 159720747558573057413678
5208 158860207084568858675239
5209 158005350222232700196577
5210 157149368808239173828111
5211 156300193503858878107630
5212 155449062569353883256729
5213 154604567220994257253768
5214 153759086077849763644318
5215 152919344657072667228192
5216 152078716996416504202169
5217 151244729113665658629977
5218 150408839232443685895953
5219 149579609727420818170316
5220 148749628238598598488151
5221 147925242463925759163775
5222 147100004669470883535831
5223 146281419806377225028687
5224 145461192472753947269963
5225 144647454502551502953662
5226 143832991148106977403942
5227 143024170216453887019465
5228 142214717353985878885797
5229 141411747122698326366256
5230 140607190389072495247005
5231 139809131593574721101231
5232 139010570584054167054474
5233 138217504238243901182090
5234 137423834800957833486385
5235 136636652813287989703230
5236 135848124797997845777533
5237 135065928253661304557486
5238 134283251041360708871632
5239 133506098712168413113765
5240 132728552905187087628030
5241 131957321260845684090776
5242 131184800518518891383928
5243 130418604837888311419920
5244 129652133661585702966483
5245 128891043301844708741567
5246 128129582906894379158303
5247 127374434016005780425087
5248 126618217889953248391122
5249 125868157503067854998410
5250 125117844517170575703170
5251 124372927714450737877757
5252 123627839579922850332608
5253 122888887416951374078690
5254 122148918541636811302407
5255 121415091929743309877252
5256 120681200011783179922783
5257 119952563838413997350832
5258 119223774417259644308225
5259 118501104612298665984646
5260 117777628190682845388259
5261 117060122920677442333249
5262 116342576076273468802354
5263 115630286336768503429419
5264 114918024210010760209900
5265 114211711212290726193620
5266 113504635400361682711966
5267 112803510890291729858697
5268 112102514956643924658240
5269 111406633123229042650020
5270 110710797483809412518043
5271 110020881991643839116085
5272 109330402049839840023218
5273 108645701148282414538298
5274 107961146466673625087758
5275 107281700636156322697994
5276 106602464744869646216134
5277 105928983301276974730077
5278 105254974526207685803999
5279 104586713211101649000036
5280 103918757328910479817026
5281 103255765449912875875830
5282 102593002128556575970590
5283 101935953180722138035225
5284 101278557198050762876368
5285 100626741461002108590680
5286 99975243065273495504955
5287 99328697268989575584278
5288 98682527238655740004878
5289 98041905257859703842536
5290 97400972205730914164840
5291 96765577175718779279937
5292 96130647625464774802806
5293 95500524851668972319512
5294 94870790416749200969568
5295 94246559214250611920891
5296 93622180113728369749270
5297 93003177033808696451500
5298 92384645444194405815116
5299 91770898168560354775959
5300 91157675864606473541663
5301 90549790510410220872246
5302 89941791573361273800572
5303 89339117157580070213568
5304 88737046267982200899785
5305 88139618262097917188098
5306 87542721781095170590926
5307 86951113527237464366935
5308 86359538315751166123591
5309 85773125812811288962111
5310 85187322212159940888136
5311 84606129226543447008891
5312 84025593679071806285424
5313 83450180679674203495780
5314 82874828214760927431668
5315 82304583454004895509005
5316 81735064264676125034604
5317 81170018906190136407613
5318 80605631908842225893076
5319 80046310356056880496281
5320 79487184546196134665414
5321 78933005664321915435608
5322 78379556586237652797392
5323 77830540466803023931897
5324 77282293645684585250114
5325 76738952291817433676974
5326 76195827454459497975649
5327 75657591454435434047031
5328 75120187526854240676583
5329 74587079841412821790042
5330 74054741222301526450791
5331 73527243930701796629542
5332 73000087277480933670745
5333 72477660133103417516136
5334 71956063504771032760622
5335 71438718925471885801570
5336 70922240112653951851073
5337 70410448418127381091495
5338 69899011805343576030572
5339 69392239992569613325098
5340 68886391136883235226390
5341 68384658249433694158531
5342 67883789646556772298742
5343 67387537996844653972259
5344 66891750638822026467347
5345 66400474755804261216570
5346 65910114911800405593741
5347 65423823869473411756065
5348 64938480354285258217383
5349 64457601527611013851435
5350 63977199181088344001835
5351 63501237998666977154214
5352 63026275905698812035983
5353 62555247822626504853456
5354 62085160346573187743410
5355 61619465932786661080600
5356 61154343303831901192174
5357 60693514459990792265310
5358 60233672818764716249599
5359 59777711985273089803224
5360 59322765945685619256174
5361 58872063056177085786161
5362 58421941584010336468718
5363 57976039165925467331671
5364 57531194383975925430575
5365 57090100716768961873206
5366 56650010074353008464554
5367 56214090004927739646382
5368 55778833488686564750479
5369 55347651100584976883739
5370 54917513181560145783144
5371 54491068116988981592271
5372 54065691553910196090728
5373 53644338650933538291500
5374 53223653103184698437092
5375 52806966377448184182261
5376 52391382775204608114465
5377 51979367555564414851965
5378 51568404546242527496529
5379 51161388938722977271968
5380 50755113667276712521536
5381 50352695298179801632623
5382 49951365458579154071491
5383 49553541486441464006880
5384 49156823946010450659085
5385 48763913157670437721974
5386 48371741119444878495531
5387 47983350668267637471272
5388 47596096575561620419518
5389 47212225985611259578731
5390 46829444202482717809208
5391 46450390216321706209376
5392 46072139166810032827305
5393 45697531225994060369206
5394 45324040802880380847229
5395 44953870790883073809094
5396 44584833322605110782101
5397 44219389171189784912537
5398 43854741560398040623688
5399 43493659295285137882251
5400 43133735048648434983999
5401 42777011451959436524371
5402 42421401484274621698529
5403 42069303901540354134268
5404 41718056052967275547506
5405 41370241444488789862194
5406 41023562238904286772503
5407 40680020345150529252577
5408 40337626335459338519000
5409 39998613857971281956542
5410 39660442619091989404027
5411 39325625190439596349733
5412 38991976849689666994200
5413 38661349047240249197736
5414 38331846520385283448652
5415 38005645740174860179036
5416 37680329371545372444489
5417 37358240904157939651973
5418 37037295536692793242637
5419 36719305205045667909132
5420 36402467973271346856195
5421 36088805605677761016818
5422 35776017243942136294038
5423 35466376444377003691347
5424 35157903743256598204799
5425 34852274682327122721673
5426 34547772958421891928020
5427 34246367756183171581174
5428 33945870596310363185402
5429 33648399105104544674584
5430 33352068918214647650544
5431 33058515337177178240677
5432 32766110906830687333209
5433 32476680443632533849380
5434 32188143691379445937206
5435 31902553976902740864049
5436 31618122840221425851221
5437 31336362254702075695459
5438 31055722302008878890840
5439 30777977628320830380205
5440 30501154388819436200031
5441 30227160561932855286025
5442 29954297771452867481537
5443 29684037706982731087499
5444 29414912702979449136979
5445 29148566719791080177884
5446 28883124376212651932333
5447 28620434826586639293033
5448 28358886659568797495719
5449 28099838591229727992791
5450 27841896531247081387676
5451 27586655123349962854829
5452 27332339192671434230845
5453 27080662883911654657275
5454 26830098119194826525946
5455 26581967022874090532057
5456 26334949805512001187382
5457 26090523202078003330939
5458 25847001342754737125895
5459 25606042967389511910655
5460 25366201918066656673650
5461 25128695623650479991278
5462 24892273730395830506964
5463 24658364929525928830026
5464 24425375768363824248156
5465 24194843108768516355732
5466 23965395994196751289669
5467 23738218828074449646424
5468 23512128211287822500268
5469 23288445168395380884568
5470 23065660018105267000704
5471 22845256259039376870176
5472 22625939766392559337934
5473 22408798153334941727024
5474 22192711800125849757654
5475 21978958248280754866790
5476 21766111349732959004267
5477 21555544892677966633149
5478 21346032476415699560049
5479 21138630558166416121458
5480 20932282346955127920513
5481 20728166065507250842926
5482 20524933851206539410881
5483 20323908440213985258645
5484 20123933837464996583645
5485 19925979979411164974104
5486 19729047203411415449731
5487 19534274406038047255118
5488 19340389037065894297322
5489 19148614147394428786017
5490 18957856987723428607280
5491 18769057068833209918433
5492 18581273457965183964542
5493 18395553735496864744728
5494 18210696941679196570888
5495 18027879951662142926137
5496 17846073255717614610046
5497 17666139210217988723689
5498 17487187889152470894387
5499 17310230336689689490211
5500 17134135511837245639075
5501 16959988842700576144291
5502 16786819643707205533008
5503 16615460898833957579902
5504 16445076188715251072960
5505 16276595038696564828385
5506 16108950654538527545793
5507 15943186844375493243439
5508 15778389490990687499853
5509 15615321929863750208374
5510 15453195275637084522745
5511 15292904188782686365316
5512 15133446563880407452329
5513 14975782619594609429346
5514 14819051707355965246728
5515 14663990948381507781975
5516 14509859112876560298382
5517 14357478370247599979194
5518 14205904043185630928723
5519 14056058009938046990497
5520 13907131962893373997386
5521 13759799445821499878652
5522 13613363252319490435219
5523 13468612553767104507187
5524 13324661402176068103930
5525 13182357277788384294296
5526 13040939467069366294865
5527 12901058204326642685940
5528 12762058603750979640695
5529 12624664650307853130449
5530 12488043282025801758157
5531 12353006025444026198811
5532 12218840366933531144551
5533 12086138708515249851976
5534 11954285978199431562930
5535 11823976709206516282456
5536 11694430159075554477889
5537 11566391859026665373902
5538 11439191561681606605734
5539 11313400222698250186283
5540 11188441751394277228301
5541 11064951537492891894788
5542 10942197337235020708246
5543 10820891113381732960679
5544 10700406096819637982072
5545 10581262293051708789261
5546 10462918772956032556844
5547 10345984741984474019007
5548 10229774445823082790420
5549 10114940775272638662943
5550 10000895716186359200082
5551 9888138965416013664289
5552 9776165382147438638466
5553 9665530685711015865862
5554 9555592738605340086612
5555 9446974599194165524249
5556 9339126701446842351678
5557 9232503972219175709001
5558 9126632234240069164675
5559 9022043395810450027590
5560 8918137710902488263229
5561 8815484943029805035930
5562 8713570931311832868385
5563 8612831506951702113097
5564 8512824588090261346603
5565 8414035047779419084218
5566 8315901713162964096825
5567 8218967890551490086131
5568 8122753317530458386060
5569 8027654069376191058091
5570 7933256335326298293743
5571 7840022876170404166745
5572 7747431007241621357131
5573 7655976163651401997654
5574 7565209739408592813874
5575 7475511021700325221878
5576 7386494392067551940836
5577 7298581390576425047364
5578 7211283294654968110170
5579 7125071671113110905052
5580 7039528716247752631104
5581 6954998024284013289237
5582 6871119694111706254690
5583 6788294851710634995433
5584 6706069113672797175748
5585 6624872099327439766018
5586 6544313764869021133102
5587 6464723027710169048561
5588 6385764650995583262236
5589 6307803314421787532672
5590 6230415328099068725353
5591 6154008431819657670172
5592 6078220429250991620155
5593 6003348325730004725465
5594 5929079765456218016864
5595 5855761513811853635799
5596 5782999999965999562924
5597 5711166354453389212685
5598 5639922642158023299456
5599 5569552648415354003904
5600 5499766320809249632363
5601 5430877945914560114133
5602 5362521567182621973640
5603 5295048371050229397082
5604 5228145125539840160118
5605 5162067925001931536484
5606 5096546629184731883315
5607 5031879863668231109816
5608 4967728011100682156194
5609 4904410059103987416265
5610 4841634599411859532756
5611 4779645552345437217122
5612 4718192849771814829664
5613 4657546270457883123474
5614 4597390608269929286585
5615 4538027429339439962091
5616 4479186839292879057434
5617 4421088811381027328191
5618 4363500557250032898958
5619 4306677903679167888723
5620 4250329198278804499951
5621 4194727491579261566180
5622 4139622453583049201338
5623 4085222902951813881790
5624 4031313748826611221127
5625 3978125883832571139283
5626 3925388863954821159817
5627 3873360576856401639447
5628 3821809357224803973908
5629 3770923137122373519563
5630 3720502298727946186363
5631 3670765092216962444204
5632 3621462055466877676744
5633 3572825923476829087897
5634 3524642221983960534080
5635 3477089233735835002407
5636 3429982655068091016355
5637 3383519258051393543127
5638 3337467943152463694803
5639 3292048057711629714864
5640 3247061741949146976640
5641 3202668881075009325122
5642 3158698970341734373037
5643 3115337404217618952347
5644 3072371454175080256722
5645 3029998823116111987002
5646 2988036486628574993413
5647 2946636017301117632388
5648 2905640097444589192180
5649 2865215486822769900947
5650 2825165720889282564392
5651 2785676527187661611102
5652 2746579607579418951386
5653 2708010397081244571976
5654 2669823634157078627884
5655 2632176272958273465907
5656 2594887682903287404896
5657 2558125051205030406131
5658 2521732824938394923140
5659 2485839124680518818083
5660 2450310374524870922892
5661 2415287245500810878788
5662 2380603438297657129622
5663 2346415485324962548076
5664 2312580663408790127485
5665 2279213337977826950102
5666 2246190254364485731394
5667 2213643677911293139837
5668 2181420898784452189404
5669 2149662465352488513448
5670 2118236886253155228471
5671 2087251963472736509950
5672 2056594751231222383370
5673 2026383346866484664524
5674 1996477465693313778989
5675 1967008526361805584428
5676 1937856013824683684360
5677 1909116058353296740779
5678 1880684521754520385455
5679 1852672183435483748812
5680 1824950649544700524080
5681 1797637488453577289790
5682 1770622034867340180778
5683 1743994562461273607717
5684 1717659852972917139341
5685 1691716679675137798462
5686 1666047244700372156987
5687 1640761328923567470152
5688 1615757623281469173122
5689 1591116416812344136004
5690 1566750214269089913732
5691 1542751330590070485232
5692 1519012331909668491170
5693 1495631046853512952771
5694 1472514653915942144264
5695 1449738471614247593801
5696 1427222581364711101762
5697 1405049168436862523588
5698 1383119790110266637182
5699 1361525569893742215928
5700 1340181830601701792385
5701 1319155287837166091052
5702 1298372764744430322429
5703 1277910777481495779551
5704 1257679771509369770709
5705 1237760800456491855109
5706 1218076376736540291512
5707 1198689016940926292400
5708 1179531950749326321180
5709 1160673101698892324193
5710 1142030692359139273815
5711 1123679935448230090379
5712 1105550402056822780829
5713 1087697233013285243927
5714 1070059430220578481167
5715 1052700138618975181717
5716 1035545083882028434530
5717 1018661041083772445252
5718 1001983637538541109474
5719 985564408477480458174
5720 969347906827107315444
5721 953389946336586998128
5722 937622945940411768579
5723 922108624679406326074
5724 906788625983996543143
5725 891708330911656632871
5726 876817142597319362396
5727 862166871536353693542
5728 847696237852185272627
5729 833459862131310740429
5730 819404598762564430223
5731 805572684246889026890
5732 791918304489619493223
5733 778487047877546780773
5734 765223306209855302143
5735 752177470579455468448
5736 739301436818872335855
5737 726632337897116019546
5738 714128412926252180365
5739 701831858377387450621
5740 689692443529512300472
5741 677754566353105174050
5742 665974583821832745794
5743 654386900540352134325
5744 642953806640658738844
5745 631712349863269032813
5746 620617026917327693074
5747 609708719766418472026
5748 598947989185325777835
5749 588364983668694243885
5750 577925460069887479537
5751 567663561917285475066
5752 557538349863057721571
5753 547585672779877333968
5754 537769846081939986269
5755 528118758179873453028
5756 518601533757460444026
5757 509248082697446402058
5758 500021383842490130553
5759 490954342085855817411
5760 482014838998045409944
5761 473227192331719777116
5762 464563478838064863394
5763 456051136369848490406
5764 447656959811714378588
5765 439409726517394940477
5766 431280424619753278433
5767 423291509769142740746
5768 415417842915737997490
5769 407683371721054046948
5770 400058186462409104842
5771 392568581897551920646
5772 385188555416338094601
5773 377937584370360733822
5774 370792997583917257891
5775 363776714704202251681
5776 356861968257704921627
5777 350071691135576807083
5778 343382435240363841186
5779 336812126632508566415
5780 330340440876484641775
5781 323986408072677862224
5782 317726017770462520751
5783 311580122687897905280
5784 305527774106129579875
5785 299584481482554659827
5786 293731945799907416161
5787 287987546812682759011
5788 282329842554204432550
5789 276776944465479680229
5790 271310040876141802301
5791 265943332582156765930
5792 260660487897803048267
5793 255476509433610713709
5794 250372226889895420631
5795 245364063948092251959
5796 240435250604938494977
5797 235598041325489819122
5798 230837756943938852807
5799 226168047024920391917
5800 221571868433026755287
5801 217063404674069341712
5802 212627662554290919659
5803 208275800129951935634
5804 203994760952777023482
5805 199796288554095793076
5806 195665181062842190543
5807 191614264003135608020
5808 187630200979754226098
5809 183722578062960452005
5810 179879711547650297400
5811 176112227983112491104
5812 172406676095684688076
5813 168774063226048780811
5814 165202507761933421411
5815 161700712966448407836
5816 158258310360817684686
5817 154884410350823172442
5818 151567044372348759087
5819 148316122983942480678
5820 145121127495166280792
5821 141989486994021814376
5822 138911967321197323394
5823 135896762314517255807
5824 132933323235119167226
5825 130030120933328834665
5826 127177807555539702673
5827 124383107826001520682
5828 121637846189192153400
5829 118949010313247641654
5830 116307258904652758715
5831 113720172625644752165
5832 111179518503832685018
5833 108690995332594487387
5834 106247349799056694411
5835 103854843512026894885
5836 101505268738159947274
5837 99205075999610429178
5838 96946967918487749170
5839 94736077732952216973
5840 92566016775959673466
5841 90442085776254168010
5842 88357053853222135563
5843 86316654889730074424
5844 84314489418246313317
5845 82354887442421182120
5846 80432197046135060849
5847 78551149306279252992
5848 76705411308769849312
5849 74899831484316844788
5850 73128767403469268346
5851 71396090907752149779
5852 69696851922550636190
5853 68035022422249506931
5854 66405048258231326164
5855 64811218933073009062
5856 63248603252857203879
5857 61720450620353225565
5858 60222394717650836062
5859 58757959931900947647
5860 57322309451651119533
5861 55919039854995089899
5862 54543828205042166949
5863 53199556118558268416
5864 51882417938632222593
5865 50595354234023237509
5866 49334138708992571196
5867 48101937209414053960
5868 46894985436301532475
5869 45715683404087630639
5870 44560693975666106224
5871 43432604772652243570
5872 42327758105900971412
5873 41248782845989774376
5874 40192395738258817246
5875 39160713130235684561
5876 38150837743860404495
5877 37164913718228211612
5878 36199757482324856324
5879 35257666625043507671
5880 34335800218700705821
5881 33435902478270941040
5882 32555449072397793061
5883 31696309009917587852
5884 30855742418916474675
5885 30035642096904746111
5886 29233540678328553450
5887 28450966568364512048
5888 27685737333366298650
5889 26939386951852244334
5890 26209545986282090961
5891 25497852851350314294
5892 24802187229612705295
5893 24123793347031285914
5894 23460780567650734443
5895 22814476357004742367
5896 22182851393117770985
5897 21567243482295182990
5898 20965819279741298170
5899 20379659533416047351
5900 19807141011518929963
5901 19249339354488731669
5902 18704511877417221438
5903 18173803783435171555
5904 17655649460521462281
5905 17150919622636519812
5906 16658214863131716205
5907 16178458582662285840
5908 15710165778130607452
5909 15254260527524288532
5910 14809398715117446013
5911 14376327525777384471
5912 13953854498541934160
5913 13542716646378044946
5914 13141646811014401966
5915 12751428821688998183
5916 12370921039322616570
5917 12000718368107479145
5918 11639797914412034649
5919 11288785527919002064
5920 10946609570062378346
5921 10613892672756120988
5922 10289662211982264488
5923 9974421486671756325
5924 9667304822179541257
5925 9368804872932079522
5926 9078012308780024519
5927 8795449867045448474
5928 8520296035941603033
5929 8252945111725736248
5930 7992660236783389040
5931 7739853686287050432
5932 7493762615541037788
5933 7254794512661197165
5934 7022254386703216459
5935 6796471852088431354
5936 6576826988684547055
5937 6363639060805415146
5938 6156264495678352171
5939 5955040784451431767
5940 5759385647866505349
5941 5569551669082382076
5942 5385015500023892033
5943 5206039662693169757
5944 5032088277236011061
5945 4863419545826972844
5946 4699543910027829356
5947 4540669636957887157
5948 4386359100703178096
5949 4236811082631010538
5950 4091577196511664002
5951 3950867354988047213
5952 3814274941308020877
5953 3681955114234119018
5954 3553541215184731380
5955 3429194011012431961
5956 3308542642422015325
5957 3191744027305658034
5958 3078458471145889900
5959 2968811476015174365
5960 2862499106126782397
5961 2759639282642843591
5962 2659924411072754127
5963 2563479105945844552
5964 2470023499450416626
5965 2379648200740341558
5966 2292100296360286287
5967 2207473222380890929
5968 2125514313149053908
5969 2046313682557653590
5970 1969639602785747585
5971 1895563321242633656
5972 1823877121683398460
5973 1754646560088500512
5974 1687663831552971364
5975 1622998682768156721
5976 1560461622937977457
5977 1500101840354303359
5978 1441747738190138160
5979 1385449656013601814
5980 1331038505688323146
5981 1278562206250795929
5982 1227865366120781854
5983 1178985086149206261
5984 1131781686814422233
5985 1086288399503575535
5986 1042367244748151814
5987 1000053981548578167
5988 959222540538931314
5989 919896614002878265
5990 881961960301750648
5991 845442743784273218
5992 810227841944232320
5993 776339797411477301
5994 743676211956900117
5995 712253897571477220
5996 681980652163071783
5997 652870712432064444
5998 624834170207057010
5999 597886730086302356
6000 571946190597824580
6001 547021587339549320
6002 523038341149142473
6003 500005673831439054
6004 477851917318478656
6005 456585382082467503
6006 436139935033186246
6007 416521072968675734
6008 397669171098521076
6009 379588069100357016
6010 362220434923607639
6011 345571040124867151
6012 329587417027487284
6013 314270893348070932
6014 299573783734155818
6015 285497567612964126
6016 271997018437234961
6017 259073141131162670
6018 246684167632995339
6019 234829887598302087
6020 223472651649933250
6021 212611292539994029
6022 202210092190591113
6023 192268506836108448
6024 182753804536214109
6025 173663867247419832
6026 164968940557352173
6027 156667039246613407
6028 148730309359753616
6029 141156559611893898
6030 133920090465008008
6031 127018347190277783
6032 120428168341466236
6033 114146507954168425
6034 108151670256536730
6035 102441067519676917
6036 96994821344230362
6037 91809743913790071
6038 86867774550826826
6039 82165846244269200
6040 77687289789041269
6041 73429011008307760
6042 69375645471861099
6043 65524130567279139
6044 61860622283686153
6045 58381861761847348
6046 55075055720131405
6047 51937279749295774
6048 48956824853354696
6049 46130628352396260
6050 43448078532473659
6051 40906238445677055
6052 38495444343075602
6053 36212822332532652
6054 34049477952743356
6055 32002718773618454
6056 30064544405391081
6057 28232220538865780
6058 26498455134482460
6059 24860752401106334
6060 23312458172429808
6061 21851136779559609
6062 20470775628554424
6063 19169055860176491
6064 17940572340458617
6065 16783106020996029
6066 15691696892752152
6067 14664323878344329
6068 13696538780068140
6069 12786346655924223
6070 11929751934994402
6071 11124931552958261
6072 10368252727693363
6073 9658007663549034
6074 8990925592806743
6075 8365400014405020
6076 7778529983021860
6077 7228804509482894
6078 6713574004601796
6079 6231488100403050
6080 5780182530354949
6081 5358356137779852
6082 4963915685008696
6083 4595678574241104
6084 4251750093664774
6085 3931055932231767
6086 3631900318700375
6087 3353285232191194
6088 3093727287201602
6089 2852303174064533
6090 2627667991900812
6091 2419010661954391
6092 2225139082503239
6093 2045289067915940
6094 1878419975686745
6095 1723844767333205
6096 1580628673069924
6097 1448162768835343
6098 1325617258114992
6099 1212434678998409
6100 1107900209311404
6101 1011507396311938
6102 922614562166462
6103 840784551149899
6104 765453628222067
6105 696219275379258
6106 632597291614343
6107 574230874993695
6108 520689857125479
6109 471665058709230
6110 426779386269773
6111 385754893092737
6112 348272094999538
6113 314083685341203
6114 282906804324535
6115 254532066792970
6116 228714370941502
6117 205265614155615
6118 183979161802879
6119 164691227402769
6120 147221316620412
6121 131430892980777
6122 117164433866328
6123 104300157088038
6124 92708924115798
6125 82285039284824
6126 72916454096747
6127 64515662353023
6128 56987539242525
6129 50255616551639
6130 44241601693535
6131 38880511170663
6132 34105579680480
6133 29863321033833
6134 26097631810305
6135 22762841078508
6136 19813585802307
6137 17211425152727
6138 14918145766024
6139 12902798348989
6140 11133895364345
6141 9585331537211
6142 8232021599417
6143 7052496690171
6144 6026090429706
6145 5135751141035
6146 4364734883939
6147 3699034309266
6148 3125615778629
6149 2633170338163
6150 2211172584197
6151 1850877001860
6152 1543981335824
6153 1283459786156
6154 1062993918743
6155 877085188727
6156 720785184036
6157 589945632115
6158 480768389737
6159 390039769364
6160 314963192545
6161 253102014157
6162 202337116829
6163 160901658383
6164 127231746056
6165 100011410076
6166 78131898277
6167 60642031599
6168 46740829082
6169 35768351182
6170 27161832440
6171 20457266703
6172 15277002847
6173 11304120436
6174 8282285426
6175 6005987603
6176 4307109008
6177 3051543786
6178 2134771268
6179 1472832781
6180 1000867869
6181 669292866
6182 439705377
6183 283244749
6184 178682876
6185 110104125
6186 66075060
6187 38543722
6188 21763925
6189 11832747
6190 6173685
6191 3068355
6192 1437209
6193 630552
6194 255292
6195 93154
6196 30141
6197 8351
6198 1819
6199 276
6200 25
6201 1
