1140 1
1141 17
1142 120
1143 487
1144 1437
1145 3711
1146 8494
1147 17074
1148 32363
1149 57912
1150 97127
1151 157528
1152 247436
1153 374142
1154 552470
1155 799280
1156 1125869
1157 1560789
1158 2129552
1159 2853427
1160 3779842
1161 4949337
1162 6387969
1163 8170844
1164 10369539
1165 12990453
1166 16177087
1167 19998138
1168 24509803
1169 29832430
1170 36148759
1171 43420042
1172 51971161
1173 61842204
1174 73176245
1175 86182455
1176 101235851
1177 118064690
1178 137400395
1179 159225801
1180 183828480
1181 211332592
1182 242573610
1183 276931353
1184 315751180
1185 358675185
1186 406288427
1187 458840587
1188 517616819
1189 581271639
1190 652092539
1191 729579745
1192 814626085
1193 906988061
1194 1008992355
1195 1118603399
1196 1239334858
1197 1369682482
1198 1511074061
1199 1663732913
1200 1830818750
1201 2008293976
1202 2201811004
1203 2409387558
1204 2633459874
1205 2872301708
1206 3131463498
1207 3405697092
1208 3702910775
1209 4018211879
1210 4356207757
1211 4714816489
1212 5102404064
1213 5508210357
1214 5945239343
1215 6406721035
1216 6900470567
1217 7418979276
1218 7975302745
1219 8556927526
1220 9181339214
1221 9834019912
1222 10529105876
1223 11256407147
1224 12035709200
1225 12843135821
1226 13704884113
1227 14603711799
1228 15560407181
1229 16552318205
1230 17608629435
1231 18702633470
1232 19869531753
1233 21074083344
1234 22352357248
1235 23675043817
1236 25082304019
1237 26529550564
1238 28063927329
1239 29647431889
1240 31328374752
1241 33052897201
1242 34878775867
1243 36757258917
1244 38749638043
1245 40787293997
1246 42942567984
1247 45154535258
1248 47494432629
1249 49888072249
1250 52411524873
1251 54993519159
1252 57731071211
1253 60516149751
1254 63448444378
1255 66454328736
1256 69623987020
1257 72843387016
1258 76242118824
1259 79706493960
1260 83352913754
1261 87069947851
1262 90970295739
1263 94934323100
1264 99132020858
1265 103377153855
1266 107821591046
1267 112370213386
1268 117143496798
1269 121961562458
1270 127045290026
1271 132194457093
1272 137593993075
1273 143086247778
1274 148823468526
1275 154622661494
1276 160761549199
1277 166937428837
1278 173372417772
1279 179952519881
1280 186831686369
1281 193732854460
1282 201020119607
1283 208361564204
1284 216031944730
1285 223824453157
1286 231932396316
1287 240087472454
1288 248728835500
1289 257373514992
1290 266354977100
1291 275522780560
1292 285086218998
1293 294623174229
1294 304708352597
1295 314815762373
1296 325342207625
1297 336034099373
1298 347123284845
1299 358215870160
1300 369998670567
1301 381712634789
1302 393859719932
1303 406244114267
1304 419138170037
1305 431922969658
1306 445469269526
1307 458980464739
1308 473021728427
1309 487265080872
1310 502009831162
1311 516671027500
1312 532301511691
1313 547745264024
1314 563729400403
1315 580021077269
1316 596943922032
1317 613637849785
1318 631370608277
1319 648961894630
1320 667220813758
1321 685714871809
1322 704840505788
1323 723743083123
1324 743971748773
1325 763849289728
1326 784374137400
1327 805292164913
1328 826990106419
1329 848270014935
1330 870955112225
1331 893323999969
1332 916531037454
1333 940013311161
1334 964254968666
1335 988095455934
1336 1013681073621
1337 1038701585293
1338 1064490457153
1339 1090767756309
1340 1117999575185
1341 1144524470274
1342 1172940807413
1343 1200793201984
1344 1229664654753
1345 1258859553852
1346 1288942870826
1347 1318387513476
1348 1350106708851
1349 1380953557714
1350 1412701758231
1351 1445029075410
1352 1478524960499
1353 1510958875124
1354 1545828320944
1355 1579836163663
1356 1615031983526
1357 1650633837255
1358 1687251001646
1359 1722891690230
1360 1761486858603
1361 1798766111141
1362 1837122684330
1363 1876161616738
1364 1916578886834
1365 1955488896527
1366 1997460067515
1367 2038221930609
1368 2080345657442
1369 2122955966320
1370 2166736126621
1371 2209078031438
1372 2255178769870
1373 2299438875159
1374 2344926745263
1375 2391244871134
1376 2439106746306
1377 2484958645953
1378 2534634177388
1379 2582611072160
1380 2632168425298
1381 2682240532609
1382 2733670271933
1383 2783112497050
1384 2837230489025
1385 2888894618068
1386 2941853265128
1387 2995891756016
1388 3051660042958
1389 3104767472734
1390 3162563744311
1391 3218043627736
1392 3275360961764
1393 3333263200931
1394 3392656968354
1395 3449444784169
1396 3511896738853
1397 3571211947622
1398 3631923921246
1399 3693898055143
1400 3757825905571
1401 3818254141801
1402 3884452437395
1403 3947620657441
1404 4012808078894
1405 4078742873607
1406 4146170172081
1407 4210356166513
1408 4281312742666
1409 4348322989890
1410 4416813432768
1411 4486725743338
1412 4558885135807
1413 4626589823897
1414 4701213701031
1415 4772014300423
1416 4844958280949
1417 4918849115624
1418 4994281605507
1419 5065673714659
1420 5145105975532
1421 5219536269565
1422 5295578644667
1423 5373344920669
1424 5453514688706
1425 5528246913032
1426 5610999970646
1427 5689151477642
1428 5769568988105
1429 5851111867550
1430 5934254490733
1431 6012292042386
1432 6099910322075
1433 6181431052782
1434 6264592068298
1435 6349759732538
1436 6437387602738
1437 6518605404688
1438 6609104692930
1439 6694023861862
1440 6781347290998
1441 6869903660528
1442 6960163670762
1443 7044284644899
1444 7139478673018
1445 7227404440045
1446 7316810814354
1447 7408733240002
1448 7503189825320
1449 7590006834188
1450 7687565246744
1451 7778336162162
1452 7871781279129
1453 7966558915539
1454 8063070608706
1455 8152313629219
1456 8254072856976
1457 8347448928924
1458 8442213258782
1459 8539941697070
1460 8640260985672
1461 8731525794812
1462 8835086998813
1463 8930692136652
1464 9029073538144
1465 9129051757175
1466 9230514868224
1467 9323655743181
1468 9431032524071
1469 9528624874319
1470 9627541467692
1471 9729582938813
1472 9834542687305
1473 9929010901383
1474 10037310045015
1475 10136466533218
1476 10238206204546
1477 10342052466732
1478 10447184927543
1479 10542845571487
1480 10654367071745
1481 10754527524991
1482 10856119669793
1483 10961192350924
1484 11069237273424
1485 11165324143296
1486 11276689844631
1487 11377814350682
1488 11481521136048
1489 11587600810974
1490 11694795587395
1491 11791070148199
1492 11905123369078
1493 12006389137900
1494 12108836326696
1495 12215320870394
1496 12324524302623
1497 12420590233220
1498 12533317865124
1499 12634647204290
1500 12738539392373
1501 12844872830026
1502 12952292824908
1503 13047534122481
1504 13162279614437
1505 13262806537088
1506 13364048988137
1507 13470096637547
1508 13578701949772
1509 13672822605512
1510 13785062433603
1511 13884447694348
1512 13986448415800
1513 14091375706435
1514 14197063116408
1515 14289470098497
1516 14402524382274
1517 14500464856817
1518 14598610344677
1519 14702235774738
1520 14808161394645
1521 14898138984629
1522 15007846049060
1523 15103572646163
1524 15201747706926
1525 15303220749815
1526 15404705461344
1527 15492258545920
1528 15601800408027
1529 15695140152123
1530 15788048776972
1531 15887120196515
1532 15988240582641
1533 16072427987913
1534 16177257423656
1535 16267433279899
1536 16359231471443
1537 16455345980112
1538 16550787567251
1539 16631516514241
1540 16735379604141
1541 16821852235896
1542 16907559750347
1543 17000200080433
1544 17094311047979
1545 17170856508279
1546 17268373045095
1547 17351075775171
1548 17434561844994
1549 17523495819082
1550 17610718175193
1551 17682576260188
1552 17778509270020
1553 17856543423617
1554 17932844279958
1555 18017260683356
1556 18101991309513
1557 18169029272129
1558 18257437605605
1559 18330908541606
1560 18404171969867
1561 18483597614848
1562 18560547519883
1563 18622177488599
1564 18708088856467
1565 18776019418998
1566 18840595203226
1567 18915117455253
1568 18988685901231
1569 19044738988397
1570 19121993811936
1571 19184242866101
1572 19245385411842
1573 19314123453900
1574 19378879435276
1575 19428640757488
1576 19502292045565
1577 19558681752552
1578 19610214170344
1579 19673190966726
1580 19733928957693
1581 19777199917400
1582 19841493539362
1583 19891419709963
1584 19938762535043
1585 19995428301771
1586 20046012801256
1587 20082948643503
1588 20142842986187
1589 20186355142454
1590 20223282611715
1591 20273184252759
1592 20319489842495
1593 20349166714775
1594 20399149497983
1595 20435682972965
1596 20467601570064
1597 20510883904024
1598 20546380605786
1599 20569365509148
1600 20614222163192
1601 20643586012014
1602 20664734386288
1603 20700923384813
1604 20731611537875
1605 20747154846528
1606 20781045490645
1607 20803343375820
1608 20819238175741
1609 20848351832523
1610 20867747821352
1611 20875695395860
1612 20904703065485
1613 20919560728771
1614 20924315837214
1615 20946019429972
1616 20959919763426
1617 20960701416945
1618 20978172755770
1619 20985828270435
1620 20985035871687
1621 20999156227635
1622 21001980230919
1623 20995098750152
1624 21007393207290
1625 21007393207290
1626 20995098750152
1627 21001980230919
1628 20999156227635
1629 20985035871687
1630 20985828270435
1631 20978172755770
1632 20960701416945
1633 20959919763426
1634 20946019429972
1635 20924315837214
1636 20919560728771
1637 20904703065485
1638 20875695395860
1639 20867747821352
1640 20848351832523
1641 20819238175741
1642 20803343375820
1643 20781045490645
1644 20747154846528
1645 20731611537875
1646 20700923384813
1647 20664734386288
1648 20643586012014
1649 20614222163192
1650 20569365509148
1651 20546380605786
1652 20510883904024
1653 20467601570064
1654 20435682972965
1655 20399149497983
1656 20349166714775
1657 20319489842495
1658 20273184252759
1659 20223282611715
1660 20186355142454
1661 20142842986187
1662 20082948643503
1663 20046012801256
1664 19995428301771
1665 19938762535043
1666 19891419709963
1667 19841493539362
1668 19777199917400
1669 19733928957693
1670 19673190966726
1671 19610214170344
1672 19558681752552
1673 19502292045565
1674 19428640757488
1675 19378879435276
1676 19314123453900
1677 19245385411842
1678 19184242866101
1679 19121993811936
1680 19044738988397
1681 18988685901231
1682 18915117455253
1683 18840595203226
1684 18776019418998
1685 18708088856467
1686 18622177488599
1687 18560547519883
1688 18483597614848
1689 18404171969867
1690 18330908541606
1691 18257437605605
1692 18169029272129
1693 18101991309513
1694 18017260683356
1695 17932844279958
1696 17856543423617
1697 17778509270020
1698 17682576260188
1699 17610718175193
1700 17523495819082
1701 17434561844994
1702 17351075775171
1703 17268373045095
1704 17170856508279
1705 17094311047979
1706 17000200080433
1707 16907559750347
1708 16821852235896
1709 16735379604141
1710 16631516514241
1711 16550787567251
1712 16455345980112
1713 16359231471443
1714 16267433279899
1715 16177257423656
1716 16072427987913
1717 15988240582641
1718 15887120196515
1719 15788048776972
1720 15695140152123
1721 15601800408027
1722 15492258545920
1723 15404705461344
1724 15303220749815
1725 15201747706926
1726 15103572646163
1727 15007846049060
1728 14898138984629
1729 14808161394645
1730 14702235774738
1731 14598610344677
1732 14500464856817
1733 14402524382274
1734 14289470098497
1735 14197063116408
1736 14091375706435
1737 13986448415800
1738 13884447694348
1739 13785062433603
1740 13672822605512
1741 13578701949772
1742 13470096637547
1743 13364048988137
1744 13262806537088
1745 13162279614437
1746 13047534122481
1747 12952292824908
1748 12844872830026
1749 12738539392373
1750 12634647204290
1751 12533317865124
1752 12420590233220
1753 12324524302623
1754 12215320870394
1755 12108836326696
1756 12006389137900
1757 11905123369078
1758 11791070148199
1759 11694795587395
1760 11587600810974
1761 11481521136048
1762 11377814350682
1763 11276689844631
1764 11165324143296
1765 11069237273424
1766 10961192350924
1767 10856119669793
1768 10754527524991
1769 10654367071745
1770 10542845571487
1771 10447184927543
1772 10342052466732
1773 10238206204546
1774 10136466533218
1775 10037310045015
1776 9929010901383
1777 9834542687305
1778 9729582938813
1779 9627541467692
1780 9528624874319
1781 9431032524071
1782 9323655743181
1783 9230514868224
1784 9129051757175
1785 9029073538144
1786 8930692136652
1787 8835086998813
1788 8731525794812
1789 8640260985672
1790 8539941697070
1791 8442213258782
1792 8347448928924
1793 8254072856976
1794 8152313629219
1795 8063070608706
1796 7966558915539
1797 7871781279129
1798 7778336162162
1799 7687565246744
1800 7590006834188
1801 7503189825320
1802 7408733240002
1803 7316810814354
1804 7227404440045
1805 7139478673018
1806 7044284644899
1807 6960163670762
1808 6869903660528
1809 6781347290998
1810 6694023861862
1811 6609104692930
1812 6518605404688
1813 6437387602738
1814 6349759732538
1815 6264592068298
1816 6181431052782
1817 6099910322075
1818 6012292042386
1819 5934254490733
1820 5851111867550
1821 5769568988105
1822 5689151477642
1823 5610999970646
1824 5528246913032
1825 5453514688706
1826 5373344920669
1827 5295578644667
1828 5219536269565
1829 5145105975532
1830 5065673714659
1831 4994281605507
1832 4918849115624
1833 4844958280949
1834 4772014300423
1835 4701213701031
1836 4626589823897
1837 4558885135807
1838 4486725743338
1839 4416813432768
1840 4348322989890
1841 4281312742666
1842 4210356166513
1843 4146170172081
1844 4078742873607
1845 4012808078894
1846 3947620657441
1847 3884452437395
1848 3818254141801
1849 3757825905571
1850 3693898055143
1851 3631923921246
1852 3571211947622
1853 3511896738853
1854 3449444784169
1855 3392656968354
1856 3333263200931
1857 3275360961764
1858 3218043627736
1859 3162563744311
1860 3104767472734
1861 3051660042958
1862 2995891756016
1863 2941853265128
1864 2888894618068
1865 2837230489025
1866 2783112497050
1867 2733670271933
1868 2682240532609
1869 2632168425298
1870 2582611072160
1871 2534634177388
1872 2484958645953
1873 2439106746306
1874 2391244871134
1875 2344926745263
1876 2299438875159
1877 2255178769870
1878 2209078031438
1879 2166736126621
1880 2122955966320
1881 2080345657442
1882 2038221930609
1883 1997460067515
1884 1955488896527
1885 1916578886834
1886 1876161616738
1887 1837122684330
1888 1798766111141
1889 1761486858603
1890 1722891690230
1891 1687251001646
1892 1650633837255
1893 1615031983526
1894 1579836163663
1895 1545828320944
1896 1510958875124
1897 1478524960499
1898 1445029075410
1899 1412701758231
1900 1380953557714
1901 1350106708851
1902 1318387513476
1903 1288942870826
1904 1258859553852
1905 1229664654753
1906 1200793201984
1907 1172940807413
1908 1144524470274
1909 1117999575185
1910 1090767756309
1911 1064490457153
1912 1038701585293
1913 1013681073621
1914 988095455934
1915 964254968666
1916 940013311161
1917 916531037454
1918 893323999969
1919 870955112225
1920 848270014935
1921 826990106419
1922 805292164913
1923 784374137400
1924 763849289728
1925 743971748773
1926 723743083123
1927 704840505788
1928 685714871809
1929 667220813758
1930 648961894630
1931 631370608277
1932 613637849785
1933 596943922032
1934 580021077269
1935 563729400403
1936 547745264024
1937 532301511691
1938 516671027500
1939 502009831162
1940 487265080872
1941 473021728427
1942 458980464739
1943 445469269526
1944 431922969658
1945 419138170037
1946 406244114267
1947 393859719932
1948 381712634789
1949 369998670567
1950 358215870160
1951 347123284845
1952 336034099373
1953 325342207625
1954 314815762373
1955 304708352597
1956 294623174229
1957 285086218998
1958 275522780560
1959 266354977100
1960 257373514992
1961 248728835500
1962 240087472454
1963 231932396316
1964 223824453157
1965 216031944730
1966 208361564204
1967 201020119607
1968 193732854460
1969 186831686369
1970 179952519881
1971 173372417772
1972 166937428837
1973 160761549199
1974 154622661494
1975 148823468526
1976 143086247778
1977 137593993075
1978 132194457093
1979 127045290026
1980 121961562458
1981 117143496798
1982 112370213386
1983 107821591046
1984 103377153855
1985 99132020858
1986 94934323100
1987 90970295739
1988 87069947851
1989 83352913754
1990 79706493960
1991 76242118824
1992 72843387016
1993 69623987020
1994 66454328736
1995 63448444378
1996 60516149751
1997 57731071211
1998 54993519159
1999 52411524873
2000 49888072249
2001 47494432629
2002 45154535258
2003 42942567984
2004 40787293997
2005 38749638043
2006 36757258917
2007 34878775867
2008 33052897201
2009 31328374752
2010 29647431889
2011 28063927329
2012 26529550564
2013 25082304019
2014 23675043817
2015 22352357248
2016 21074083344
2017 19869531753
2018 18702633470
2019 17608629435
2020 16552318205
2021 15560407181
2022 14603711799
2023 13704884113
2024 12843135821
2025 12035709200
2026 11256407147
2027 10529105876
2028 9834019912
2029 9181339214
2030 8556927526
2031 7975302745
2032 7418979276
2033 6900470567
2034 6406721035
2035 5945239343
2036 5508210357
2037 5102404064
2038 4714816489
2039 4356207757
2040 4018211879
2041 3702910775
2042 3405697092
2043 3131463498
2044 2872301708
2045 2633459874
2046 2409387558
2047 2201811004
2048 2008293976
2049 1830818750
2050 1663732913
2051 1511074061
2052 1369682482
2053 1239334858
2054 1118603399
2055 1008992355
2056 906988061
2057 814626085
2058 729579745
2059 652092539
2060 581271639
2061 517616819
2062 458840587
2063 406288427
2064 358675185
2065 315751180
2066 276931353
2067 242573610
2068 211332592
2069 183828480
2070 159225801
2071 137400395
2072 118064690
2073 101235851
2074 86182455
2075 73176245
2076 61842204
2077 51971161
2078 43420042
2079 36148759
2080 29832430
2081 24509803
2082 19998138
2083 16177087
2084 12990453
2085 10369539
2086 8170844
2087 6387969
2088 4949337
2089 3779842
2090 2853427
2091 2129552
2092 1560789
2093 1125869
2094 799280
2095 552470
2096 374142
2097 247436
2098 157528
2099 97127
2100 57912
2101 32363
2102 17074
2103 8494
2104 3711
2105 1437
2106 487
2107 120
2108 17
2109 1
