816 1
817 15
818 91
819 314
820 821
821 1964
822 4064
823 7450
824 13274
825 22012
826 34558
827 53017
828 78913
829 112511
830 159259
831 218617
832 294940
833 390960
834 513571
835 657686
836 845620
837 1061931
838 1326562
839 1637732
840 2019333
841 2435652
842 2959948
843 3536140
844 4224269
845 4984315
846 5897705
847 6859935
848 8055993
849 9291759
850 10771272
851 12339133
852 14235115
853 16114514
854 18454983
855 20801113
856 23624509
857 26457817
858 29903267
859 33237072
860 37418018
861 41391193
862 46244039
863 50982857
864 56811978
865 62189087
866 69003840
867 75363501
868 83221607
869 90529050
870 99642522
871 107893977
872 118531238
873 127960414
874 139814974
875 150644543
876 164379230
877 176232028
878 191762136
879 205309235
880 222689131
881 237722067
882 257289809
883 273850387
884 295990436
885 314328112
886 338416469
887 358958723
888 386210669
889 408101272
890 438119089
891 462569417
892 495565706
893 522115439
894 558351159
895 587027266
896 627245078
897 658338880
898 701435965
899 735512240
900 783377779
901 819089278
902 870831970
903 910180183
904 966324371
905 1008103323
906 1068689624
907 1113516790
908 1179901176
909 1227467627
910 1297783475
911 1349318647
912 1426405570
913 1479882939
914 1561872235
915 1620132247
916 1708414623
917 1769351892
918 1863629758
919 1928450037
920 2030528759
921 2098359655
922 2205679550
923 2278584648
924 2394917989
925 2469892113
926 2592196257
927 2673221920
928 2804662244
929 2887958020
930 3026543482
931 3115011081
932 3263868647
933 3355604011
934 3511041950
935 3608565122
936 3775818962
937 3875550292
938 4049988843
939 4156753481
940 4343340150
941 4451575520
942 4646880310
943 4762334583
944 4970109121
945 5087916997
946 5304103223
947 5428796514
948 5659851610
949 5786531837
950 6025387546
951 6159868275
952 6415447272
953 6550189957
954 6814594412
955 6958689314
956 7238124939
957 7383679466
958 7674071719
959 7826248041
960 8134714811
961 8288451347
962 8604901887
963 8767901206
964 9105196048
965 9265957663
966 9612351164
967 9785408356
968 10150054944
969 10321160592
970 10698848147
971 10876527827
972 11275299527
973 11455675025
974 11860967149
975 12050097426
976 12482099291
977 12665455179
978 13106598623
979 13304982115
980 13765836861
981 13958843845
982 14436312737
983 14635712499
984 15135886845
985 15337175737
986 15841507182
987 16052223903
988 16590832453
989 16789782242
990 17335173518
991 17552872268
992 18121267398
993 18329092569
994 18914763661
995 19127740286
996 19737706521
997 19953443178
998 20565973193
999 20788332665
1000 21442477448
1001 21646430671
1002 22304614380
1003 22533554512
1004 23213019695
1005 23425763316
1006 24126522666
1007 24342439335
1008 25070602142
1009 25287283572
1010 26012172315
1011 26233683051
1012 27008953839
1013 27206305998
1014 27979592859
1015 28206568521
1016 29002085801
1017 29205506557
1018 30025792643
1019 30228441941
1020 31075111297
1021 31279118346
1022 32118367915
1023 32326203785
1024 33223011193
1025 33395612758
1026 34283447029
1027 34494416526
1028 35405572749
1029 35582138322
1030 36520407507
1031 36692000248
1032 37657997787
1033 37832873419
1034 38780462705
1035 38955493528
1036 39969878257
1037 40102429061
1038 41102804875
1039 41276551571
1040 42298083811
1041 42426969841
1042 43479086283
1043 43602554780
1044 44676705345
1045 44804392501
1046 45852131609
1047 45976651212
1048 47103934730
1049 47170615223
1050 48273255758
1051 48390696476
1052 49511716537
1053 49576628032
1054 50728599050
1055 50782016067
1056 51954719552
1057 52013953823
1058 53151351493
1059 53201852748
1060 54424719061
1061 54407095722
1062 55597916597
1063 55641782807
1064 56846281522
1065 56823053478
1066 58059184510
1067 58022716794
1068 59276945929
1069 59246435087
1070 60454150100
1071 60409709941
1072 61715801270
1073 61594314010
1074 62849980112
1075 62798231987
1076 64062095572
1077 63936463087
1078 65238781447
1079 65090562869
1080 66406054739
1081 66263801622
1082 67521717365
1083 67366643680
1084 68724907632
1085 68482534966
1086 69781277656
1087 69618073383
1088 70923685076
1089 70670461286
1090 72012628881
1091 71735853483
1092 73086254680
1093 72823102711
1094 74101489295
1095 73817910671
1096 75205654112
1097 74825544307
1098 76143131471
1099 75851063378
1100 77167452136
1101 76776334641
1102 78131998723
1103 77717290424
1104 79072603479
1105 78671309652
1106 79942962680
1107 79521674720
1108 80910350605
1109 80382566474
1110 81689025222
1111 81254940134
1112 82558978382
1113 82022477794
1114 83358753501
1115 82796126610
1116 84123913986
1117 83581992058
1118 84822468394
1119 84252665409
1120 85613888252
1121 84930183871
1122 86199592880
1123 85622137792
1124 86876577732
1125 86191400487
1126 87479816718
1127 86770483515
1128 88050166046
1129 87357493920
1130 88535810883
1131 87816843112
1132 89118205549
1133 88288305308
1134 89487144698
1135 88767060264
1136 89949916406
1137 89116332248
1138 90332283693
1139 89473674505
1140 90671984629
1141 89836212727
1142 90930743738
1143 90071722296
1144 91285999557
1145 90311298401
1146 91414251734
1147 90558056794
1148 91643816468
1149 90673498729
1150 91789417741
1151 90790806911
1152 91889701075
1153 90920370715
1154 91904772153
1155 90915018394
1156 92014579912
1157 90915018394
1158 91904772153
1159 90920370715
1160 91889701075
1161 90790806911
1162 91789417741
1163 90673498729
1164 91643816468
1165 90558056794
1166 91414251734
1167 90311298401
1168 91285999557
1169 90071722296
1170 90930743738
1171 89836212727
1172 90671984629
1173 89473674505
1174 90332283693
1175 89116332248
1176 89949916406
1177 88767060264
1178 89487144698
1179 88288305308
1180 89118205549
1181 87816843112
1182 88535810883
1183 87357493920
1184 88050166046
1185 86770483515
1186 87479816718
1187 86191400487
1188 86876577732
1189 85622137792
1190 86199592880
1191 84930183871
1192 85613888252
1193 84252665409
1194 84822468394
1195 83581992058
1196 84123913986
1197 82796126610
1198 83358753501
1199 82022477794
1200 82558978382
1201 81254940134
1202 81689025222
1203 80382566474
1204 80910350605
1205 79521674720
1206 79942962680
1207 78671309652
1208 79072603479
1209 77717290424
1210 78131998723
1211 76776334641
1212 77167452136
1213 75851063378
1214 76143131471
1215 74825544307
1216 75205654112
1217 73817910671
1218 74101489295
1219 72823102711
1220 73086254680
1221 71735853483
1222 72012628881
1223 70670461286
1224 70923685076
1225 69618073383
1226 69781277656
1227 68482534966
1228 68724907632
1229 67366643680
1230 67521717365
1231 66263801622
1232 66406054739
1233 65090562869
1234 65238781447
1235 63936463087
1236 64062095572
1237 62798231987
1238 62849980112
1239 61594314010
1240 61715801270
1241 60409709941
1242 60454150100
1243 59246435087
1244 59276945929
1245 58022716794
1246 58059184510
1247 56823053478
1248 56846281522
1249 55641782807
1250 55597916597
1251 54407095722
1252 54424719061
1253 53201852748
1254 53151351493
1255 52013953823
1256 51954719552
1257 50782016067
1258 50728599050
1259 49576628032
1260 49511716537
1261 48390696476
1262 48273255758
1263 47170615223
1264 47103934730
1265 45976651212
1266 45852131609
1267 44804392501
1268 44676705345
1269 43602554780
1270 43479086283
1271 42426969841
1272 42298083811
1273 41276551571
1274 41102804875
1275 40102429061
1276 39969878257
1277 38955493528
1278 38780462705
1279 37832873419
1280 37657997787
1281 36692000248
1282 36520407507
1283 35582138322
1284 35405572749
1285 34494416526
1286 34283447029
1287 33395612758
1288 33223011193
1289 32326203785
1290 32118367915
1291 31279118346
1292 31075111297
1293 30228441941
1294 30025792643
1295 29205506557
1296 29002085801
1297 28206568521
1298 27979592859
1299 27206305998
1300 27008953839
1301 26233683051
1302 26012172315
1303 25287283572
1304 25070602142
1305 24342439335
1306 24126522666
1307 23425763316
1308 23213019695
1309 22533554512
1310 22304614380
1311 21646430671
1312 21442477448
1313 20788332665
1314 20565973193
1315 19953443178
1316 19737706521
1317 19127740286
1318 18914763661
1319 18329092569
1320 18121267398
1321 17552872268
1322 17335173518
1323 16789782242
1324 16590832453
1325 16052223903
1326 15841507182
1327 15337175737
1328 15135886845
1329 14635712499
1330 14436312737
1331 13958843845
1332 13765836861
1333 13304982115
1334 13106598623
1335 12665455179
1336 12482099291
1337 12050097426
1338 11860967149
1339 11455675025
1340 11275299527
1341 10876527827
1342 10698848147
1343 10321160592
1344 10150054944
1345 9785408356
1346 9612351164
1347 9265957663
1348 9105196048
1349 8767901206
1350 8604901887
1351 8288451347
1352 8134714811
1353 7826248041
1354 7674071719
1355 7383679466
1356 7238124939
1357 6958689314
1358 6814594412
1359 6550189957
1360 6415447272
1361 6159868275
1362 6025387546
1363 5786531837
1364 5659851610
1365 5428796514
1366 5304103223
1367 5087916997
1368 4970109121
1369 4762334583
1370 4646880310
1371 4451575520
1372 4343340150
1373 4156753481
1374 4049988843
1375 3875550292
1376 3775818962
1377 3608565122
1378 3511041950
1379 3355604011
1380 3263868647
1381 3115011081
1382 3026543482
1383 2887958020
1384 2804662244
1385 2673221920
1386 2592196257
1387 2469892113
1388 2394917989
1389 2278584648
1390 2205679550
1391 2098359655
1392 2030528759
1393 1928450037
1394 1863629758
1395 1769351892
1396 1708414623
1397 1620132247
1398 1561872235
1399 1479882939
1400 1426405570
1401 1349318647
1402 1297783475
1403 1227467627
1404 1179901176
1405 1113516790
1406 1068689624
1407 1008103323
1408 966324371
1409 910180183
1410 870831970
1411 819089278
1412 783377779
1413 735512240
1414 701435965
1415 658338880
1416 627245078
1417 587027266
1418 558351159
1419 522115439
1420 495565706
1421 462569417
1422 438119089
1423 408101272
1424 386210669
1425 358958723
1426 338416469
1427 314328112
1428 295990436
1429 273850387
1430 257289809
1431 237722067
1432 222689131
1433 205309235
1434 191762136
1435 176232028
1436 164379230
1437 150644543
1438 139814974
1439 127960414
1440 118531238
1441 107893977
1442 99642522
1443 90529050
1444 83221607
1445 75363501
1446 69003840
1447 62189087
1448 56811978
1449 50982857
1450 46244039
1451 41391193
1452 37418018
1453 33237072
1454 29903267
1455 26457817
1456 23624509
1457 20801113
1458 18454983
1459 16114514
1460 14235115
1461 12339133
1462 10771272
1463 9291759
1464 8055993
1465 6859935
1466 5897705
1467 4984315
1468 4224269
1469 3536140
1470 2959948
1471 2435652
1472 2019333
1473 1637732
1474 1326562
1475 1061931
1476 845620
1477 657686
1478 513571
1479 390960
1480 294940
1481 218617
1482 159259
1483 112511
1484 78913
1485 53017
1486 34558
1487 22012
1488 13274
1489 7450
1490 4064
1491 1964
1492 821
1493 314
1494 91
1495 15
1496 1
