1330 1
1331 18
1332 136
1333 594
1334 1862
1335 5004
1336 11961
1337 25152
1338 49233
1339 91148
1340 158022
1341 263396
1342 424729
1343 659872
1344 996898
1345 1475800
1346 2126005
1347 3009464
1348 4185955
1349 5725742
1350 7713704
1351 10287216
1352 13501720
1353 17568030
1354 22618115
1355 28829554
1356 36387113
1357 45677638
1358 56731291
1359 70074188
1360 85927084
1361 104731654
1362 126755371
1363 152868836
1364 182903101
1365 218209818
1366 258832918
1367 305819850
1368 359263695
1369 421373482
1370 490994720
1371 571117292
1372 661076271
1373 763606684
1374 877645197
1375 1007933256
1376 1151014354
1377 1313826580
1378 1492899691
1379 1694565994
1380 1914599798
1381 2163801154
1382 2432898894
1383 2735827906
1384 3063304890
1385 3429904412
1386 3823719022
1387 4265782238
1388 4735837798
1389 5262757590
1390 5824235657
1391 6448344118
1392 7109356761
1393 7848839840
1394 8625597496
1395 9490682906
1396 10400294971
1397 11410126500
1398 12466784433
1399 13642540178
1400 14863085962
1401 16220903954
1402 17633218457
1403 19194155188
1404 20809547184
1405 22605980186
1406 24452577859
1407 26499473704
1408 28605119754
1409 30934778002
1410 33322224843
1411 35968569606
1412 38662379514
1413 41651032022
1414 44697605786
1415 48060636140
1416 51472245177
1417 55260892034
1418 59084923308
1419 63318476114
1420 67591857293
1421 72321573604
1422 77080007851
1423 82353425238
1424 87629436661
1425 93486183164
1426 99347908204
1427 105831065448
1428 112292856298
1429 119477153002
1430 126610028422
1431 134518103140
1432 142364614975
1433 151075753160
1434 159690719441
1435 169261785680
1436 178682767289
1437 189172493448
1438 199496560041
1439 210961815432
1440 222199259001
1441 234736497460
1442 246993374871
1443 260634789092
1444 273945941002
1445 288805025414
1446 303256417384
1447 319385904788
1448 335022857841
1449 352517818436
1450 369458955207
1451 388385407984
1452 406637906202
1453 427118962004
1454 446836686817
1455 468910699190
1456 490099437157
1457 513927001358
1458 536731193060
1459 562342159872
1460 586805072708
1461 614348266422
1462 640599308951
1463 670161979750
1464 698216042997
1465 729923308960
1466 759994610194
1467 793907456034
1468 825944600015
1469 862289692614
1470 896524767864
1471 935262614074
1472 971726918902
1473 1013116944360
1474 1051941142391
1475 1096069983198
1476 1137281136811
1477 1184255924272
1478 1228171911029
1479 1278100441208
1480 1324539741489
1481 1377730063242
1482 1427060443375
1483 1483371017432
1484 1535616406719
1485 1595447309878
1486 1650685749166
1487 1714124916964
1488 1772463385810
1489 1839561666488
1490 1901416968083
1491 1972358900524
1492 2037334876507
1493 2112565050500
1494 2181259893174
1495 2260416914202
1496 2332816824107
1497 2416533040742
1498 2492652929007
1499 2581016263878
1500 2661039900079
1501 2753964412124
1502 2838454586684
1503 2936301648524
1504 3024543824988
1505 3127895746092
1506 3220805908396
1507 3328950185040
1508 3426508483238
1509 3540448786830
1510 3642473969169
1511 3762259925764
1512 3869098838833
1513 3994471229652
1514 4106886122003
1515 4238425512146
1516 4355192206031
1517 4493627253642
1518 4616206615615
1519 4760368846098
1520 4888633548867
1521 5040002076576
1522 5173465433800
1523 5332132377466
1524 5471437116783
1525 5636754170214
1526 5782861473455
1527 5955729062556
1528 6106807799089
1529 6288206175808
1530 6446355375326
1531 6634380044138
1532 6799347426485
1533 6996281533710
1534 7167158038525
1535 7372976006286
1536 7550777712879
1537 7764303601210
1538 7950367818323
1539 8173050486108
1540 8364544921211
1541 8597556361500
1542 8797477259721
1543 9038081663100
1544 9246068763455
1545 9497436106682
1546 9711917159744
1547 9973899632866
1548 10196568573485
1549 10467306316232
1550 10699790153514
1551 10981394608642
1552 11219544258642
1553 11513623153732
1554 11761722791800
1555 12064194385472
1556 12321597976802
1557 12636829963992
1558 12901281350630
1559 13229077330872
1560 13503007624072
1561 13840446310166
1562 14125760938216
1563 14476074985326
1564 14767104955419
1565 15132154506054
1566 15434655445693
1567 15808650759746
1568 16121966726550
1569 16510966923306
1570 16831554673397
1571 17235105471844
1572 17566364339751
1573 17980481168878
1574 18324910108944
1575 18753940996960
1576 19103641261791
1577 19549756686846
1578 19912793064865
1579 20368250234338
1580 20743459525948
1581 21216219173694
1582 21598516056663
1583 22088144733780
1584 22482424057578
1585 22983156382422
1586 23392325081223
1587 23909989627442
1588 24323894130612
1589 24861246982042
1590 25290188631487
1591 25836759277132
1592 26279105396468
1593 26845736787618
1594 27294692201683
1595 27880513189698
1596 28342563127787
1597 28939485739764
1598 29418489081079
1599 30034568357352
1600 30517072735389
1601 31155367791072
1602 31654543959727
1603 32301880854144
1604 32815780073482
1605 33485832486568
1606 34005179943166
1607 34696493658862
1608 35230390517732
1609 35932713301492
1610 36485446390069
1611 37208878224500
1612 37762976303981
1613 38511754996368
1614 39084378319478
1615 39841226164988
1616 40429610292380
1617 41211623641510
1618 41804219849483
1619 42609868554530
1620 43218089594556
1621 44033735551022
1622 44662396549044
1623 45501806534240
1624 46129358394477
1625 46996839211412
1626 47644376080100
1627 48518093603902
1628 49182879375015
1629 50084591556772
1630 50751412677177
1631 51678750357308
1632 52361802827004
1633 53298246663264
1634 54003635993996
1635 54965930012454
1636 55666588254973
1637 56659498216538
1638 57382304301114
1639 58379134227992
1640 59120149196547
1641 60147437548962
1642 60887228648896
1643 61942772282702
1644 62699740322535
1645 63762418941222
1646 64542960362685
1647 65633049115264
1648 66405294723775
1649 67528962869228
1650 68324967076399
1651 69449201767432
1652 70263670804956
1653 71421488989306
1654 72231244286019
1655 73419284876688
1656 74246430067604
1657 75438310643814
1658 76291469005988
1659 77512875916762
1660 78352530959968
1661 79609686047486
1662 80474033448139
1663 81728548250432
1664 82612090878171
1665 83902860976864
1666 84776756255868
1667 86098871204622
1668 86991316115360
1669 88313971302442
1670 89233793676116
1671 90587053734674
1672 91487068734748
1673 92879400519596
1674 93805529035929
1675 95190333990502
1676 96135495159436
1677 97558318767650
1678 98489432941671
1679 99945453469538
1680 100895212853457
1681 102346758447746
1682 103324468176732
1683 104808978312600
1684 105760248199620
1685 107286179121388
1686 108264384739814
1687 109776236571960
1688 110774292291539
1689 112326615789664
1690 113304625487246
1691 114890751941380
1692 115886481010103
1693 117464077010604
1694 118489236357476
1695 120100675030752
1696 121091106390696
1697 122745151961172
1698 123764576500140
1699 125398317153752
1700 126437501665399
1701 128112990821846
1702 129124029446562
1703 130835438933566
1704 131864418404243
1705 133561162399868
1706 134619687450561
1707 136350248788974
1708 137366867901764
1709 139141973736634
1710 140188328131571
1711 141934760903298
1712 142999438973390
1713 144790735476420
1714 145820428699541
1715 147648053964682
1716 148693933956442
1717 150498993540206
1718 151576574912004
1719 153416260434794
1720 154442615641784
1721 156327887069716
1722 157383577792876
1723 159232975813220
1724 160306617438111
1725 162202217202590
1726 163231860407357
1727 165162613523038
1728 166209552160240
1729 168110628707556
1730 169189485354381
1731 171124488529084
1732 172141064141442
1733 174124238832316
1734 175171023434964
1735 177109540308768
1736 178172500397101
1737 180156569122436
1738 181168401156172
1739 183188209476482
1740 184216326265676
1741 186197232223676
1742 187256392544381
1743 189272534856010
1744 190259537075385
1745 192324572590484
1746 193341254201796
1747 195350210500336
1748 196383827756153
1749 198440293621284
1750 199413554207307
1751 201503538629354
1752 202490364565469
1753 204534834664902
1754 205553480881838
1755 207632497116826
1756 208567602486480
1757 210694342313312
1758 211661000188927
1759 213722168690570
1760 214704423062177
1761 216812227860060
1762 217723281610912
1763 219866121737950
1764 220790260068956
1765 222877764190976
1766 223832714173407
1767 225952088491776
1768 226814949859023
1769 228982910159184
1770 229877664630414
1771 231968460007734
1772 232875072077533
1773 235014807779262
1774 235841681929104
1775 238015004219058
1776 238852693124989
1777 240959831099444
1778 241830445333156
1779 243968463899032
1780 244736397737415
1781 246921615576596
1782 247719316911469
1783 249818778803292
1784 250628647979770
1785 252776926573794
1786 253496084783959
1787 255674048550074
1788 256405205261344
1789 258508525670714
1790 259272294711230
1791 261404089706206
1792 262052704220001
1793 264233193557522
1794 264912751220188
1795 266996958854180
1796 267685726461461
1797 269815750326608
1798 270408247902640
1799 272567049028560
1800 273169702731470
1801 275243016113168
1802 275876257763817
1803 277978865884060
1804 278488204689340
1805 280639046919006
1806 281177741474051
1807 283218897973568
1808 283768426711396
1809 285855931751084
1810 286300533069163
1811 288413420573740
1812 288865420357221
1813 290886530147718
1814 291369391484786
1815 293417369232636
1816 293766317385850
1817 295858737298890
1818 296239973723035
1819 298214524202550
1820 298605586553727
1821 300623452277908
1822 300899349429269
1823 302943106864338
1824 303226669581725
1825 305170120881174
1826 305483743116032
1827 307449178700744
1828 307622908675259
1829 309632997287328
1830 309839403401083
1831 311720485530438
1832 311933122925130
1833 313859817060298
1834 313952193316319
1835 315901687721824
1836 315999508957046
1837 317837871470772
1838 317968985841165
1839 319828521771372
1840 319813574437798
1841 321714588702656
1842 321728871714954
1843 323495703151176
1844 323517308224387
1845 325328065262984
1846 325222012493912
1847 327051059478864
1848 326953585675266
1849 328665113872974
1850 328601078215119
1851 330329850213118
1852 330111176006519
1853 331883040903020
1854 331696230348009
1855 333326047932664
1856 333144326552119
1857 334813826093932
1858 334503527602628
1859 336190096156154
1860 335888104697329
1861 337450315371090
1862 337179217647398
1863 338758791998524
1864 338330238963514
1865 339951720010406
1866 339554099147310
1867 341024055425652
1868 340635692623965
1869 342145161120802
1870 341624359410294
1871 343146903417554
1872 342632061556411
1873 344028125783582
1874 343546667566924
1875 344958994248178
1876 344315715132553
1877 345764085971068
1878 345155705464399
1879 346449493207508
1880 345850862233879
1881 347180979494178
1882 346445644041350
1883 347790375381878
1884 347062689757094
1885 348277115540722
1886 347582078365373
1887 348807009545580
1888 347952677566396
1889 349214698037034
1890 348396327799037
1891 349497529818922
1892 348686793458558
1893 349826579115682
1894 348880251259541
1895 350032557251554
1896 349094109516155
1897 350110468449828
1898 349208398284764
1899 350235317755496
1900 349174373111790
1901 350235317755496
1902 349208398284764
1903 350110468449828
1904 349094109516155
1905 350032557251554
1906 348880251259541
1907 349826579115682
1908 348686793458558
1909 349497529818922
1910 348396327799037
1911 349214698037034
1912 347952677566396
1913 348807009545580
1914 347582078365373
1915 348277115540722
1916 347062689757094
1917 347790375381878
1918 346445644041350
1919 347180979494178
1920 345850862233879
1921 346449493207508
1922 345155705464399
1923 345764085971068
1924 344315715132553
1925 344958994248178
1926 343546667566924
1927 344028125783582
1928 342632061556411
1929 343146903417554
1930 341624359410294
1931 342145161120802
1932 340635692623965
1933 341024055425652
1934 339554099147310
1935 339951720010406
1936 338330238963514
1937 338758791998524
1938 337179217647398
1939 337450315371090
1940 335888104697329
1941 336190096156154
1942 334503527602628
1943 334813826093932
1944 333144326552119
1945 333326047932664
1946 331696230348009
1947 331883040903020
1948 330111176006519
1949 330329850213118
1950 328601078215119
1951 328665113872974
1952 326953585675266
1953 327051059478864
1954 325222012493912
1955 325328065262984
1956 323517308224387
1957 323495703151176
1958 321728871714954
1959 321714588702656
1960 319813574437798
1961 319828521771372
1962 317968985841165
1963 317837871470772
1964 315999508957046
1965 315901687721824
1966 313952193316319
1967 313859817060298
1968 311933122925130
1969 311720485530438
1970 309839403401083
1971 309632997287328
1972 307622908675259
1973 307449178700744
1974 305483743116032
1975 305170120881174
1976 303226669581725
1977 302943106864338
1978 300899349429269
1979 300623452277908
1980 298605586553727
1981 298214524202550
1982 296239973723035
1983 295858737298890
1984 293766317385850
1985 293417369232636
1986 291369391484786
1987 290886530147718
1988 288865420357221
1989 288413420573740
1990 286300533069163
1991 285855931751084
1992 283768426711396
1993 283218897973568
1994 281177741474051
1995 280639046919006
1996 278488204689340
1997 277978865884060
1998 275876257763817
1999 275243016113168
2000 273169702731470
2001 272567049028560
2002 270408247902640
2003 269815750326608
2004 267685726461461
2005 266996958854180
2006 264912751220188
2007 264233193557522
2008 262052704220001
2009 261404089706206
2010 259272294711230
2011 258508525670714
2012 256405205261344
2013 255674048550074
2014 253496084783959
2015 252776926573794
2016 250628647979770
2017 249818778803292
2018 247719316911469
2019 246921615576596
2020 244736397737415
2021 243968463899032
2022 241830445333156
2023 240959831099444
2024 238852693124989
2025 238015004219058
2026 235841681929104
2027 235014807779262
2028 232875072077533
2029 231968460007734
2030 229877664630414
2031 228982910159184
2032 226814949859023
2033 225952088491776
2034 223832714173407
2035 222877764190976
2036 220790260068956
2037 219866121737950
2038 217723281610912
2039 216812227860060
2040 214704423062177
2041 213722168690570
2042 211661000188927
2043 210694342313312
2044 208567602486480
2045 207632497116826
2046 205553480881838
2047 204534834664902
2048 202490364565469
2049 201503538629354
2050 199413554207307
2051 198440293621284
2052 196383827756153
2053 195350210500336
2054 193341254201796
2055 192324572590484
2056 190259537075385
2057 189272534856010
2058 187256392544381
2059 186197232223676
2060 184216326265676
2061 183188209476482
2062 181168401156172
2063 180156569122436
2064 178172500397101
2065 177109540308768
2066 175171023434964
2067 174124238832316
2068 172141064141442
2069 171124488529084
2070 169189485354381
2071 168110628707556
2072 166209552160240
2073 165162613523038
2074 163231860407357
2075 162202217202590
2076 160306617438111
2077 159232975813220
2078 157383577792876
2079 156327887069716
2080 154442615641784
2081 153416260434794
2082 151576574912004
2083 150498993540206
2084 148693933956442
2085 147648053964682
2086 145820428699541
2087 144790735476420
2088 142999438973390
2089 141934760903298
2090 140188328131571
2091 139141973736634
2092 137366867901764
2093 136350248788974
2094 134619687450561
2095 133561162399868
2096 131864418404243
2097 130835438933566
2098 129124029446562
2099 128112990821846
2100 126437501665399
2101 125398317153752
2102 123764576500140
2103 122745151961172
2104 121091106390696
2105 120100675030752
2106 118489236357476
2107 117464077010604
2108 115886481010103
2109 114890751941380
2110 113304625487246
2111 112326615789664
2112 110774292291539
2113 109776236571960
2114 108264384739814
2115 107286179121388
2116 105760248199620
2117 104808978312600
2118 103324468176732
2119 102346758447746
2120 100895212853457
2121 99945453469538
2122 98489432941671
2123 97558318767650
2124 96135495159436
2125 95190333990502
2126 93805529035929
2127 92879400519596
2128 91487068734748
2129 90587053734674
2130 89233793676116
2131 88313971302442
2132 86991316115360
2133 86098871204622
2134 84776756255868
2135 83902860976864
2136 82612090878171
2137 81728548250432
2138 80474033448139
2139 79609686047486
2140 78352530959968
2141 77512875916762
2142 76291469005988
2143 75438310643814
2144 74246430067604
2145 73419284876688
2146 72231244286019
2147 71421488989306
2148 70263670804956
2149 69449201767432
2150 68324967076399
2151 67528962869228
2152 66405294723775
2153 65633049115264
2154 64542960362685
2155 63762418941222
2156 62699740322535
2157 61942772282702
2158 60887228648896
2159 60147437548962
2160 59120149196547
2161 58379134227992
2162 57382304301114
2163 56659498216538
2164 55666588254973
2165 54965930012454
2166 54003635993996
2167 53298246663264
2168 52361802827004
2169 51678750357308
2170 50751412677177
2171 50084591556772
2172 49182879375015
2173 48518093603902
2174 47644376080100
2175 46996839211412
2176 46129358394477
2177 45501806534240
2178 44662396549044
2179 44033735551022
2180 43218089594556
2181 42609868554530
2182 41804219849483
2183 41211623641510
2184 40429610292380
2185 39841226164988
2186 39084378319478
2187 38511754996368
2188 37762976303981
2189 37208878224500
2190 36485446390069
2191 35932713301492
2192 35230390517732
2193 34696493658862
2194 34005179943166
2195 33485832486568
2196 32815780073482
2197 32301880854144
2198 31654543959727
2199 31155367791072
2200 30517072735389
2201 30034568357352
2202 29418489081079
2203 28939485739764
2204 28342563127787
2205 27880513189698
2206 27294692201683
2207 26845736787618
2208 26279105396468
2209 25836759277132
2210 25290188631487
2211 24861246982042
2212 24323894130612
2213 23909989627442
2214 23392325081223
2215 22983156382422
2216 22482424057578
2217 22088144733780
2218 21598516056663
2219 21216219173694
2220 20743459525948
2221 20368250234338
2222 19912793064865
2223 19549756686846
2224 19103641261791
2225 18753940996960
2226 18324910108944
2227 17980481168878
2228 17566364339751
2229 17235105471844
2230 16831554673397
2231 16510966923306
2232 16121966726550
2233 15808650759746
2234 15434655445693
2235 15132154506054
2236 14767104955419
2237 14476074985326
2238 14125760938216
2239 13840446310166
2240 13503007624072
2241 13229077330872
2242 12901281350630
2243 12636829963992
2244 12321597976802
2245 12064194385472
2246 11761722791800
2247 11513623153732
2248 11219544258642
2249 10981394608642
2250 10699790153514
2251 10467306316232
2252 10196568573485
2253 9973899632866
2254 9711917159744
2255 9497436106682
2256 9246068763455
2257 9038081663100
2258 8797477259721
2259 8597556361500
2260 8364544921211
2261 8173050486108
2262 7950367818323
2263 7764303601210
2264 7550777712879
2265 7372976006286
2266 7167158038525
2267 6996281533710
2268 6799347426485
2269 6634380044138
2270 6446355375326
2271 6288206175808
2272 6106807799089
2273 5955729062556
2274 5782861473455
2275 5636754170214
2276 5471437116783
2277 5332132377466
2278 5173465433800
2279 5040002076576
2280 4888633548867
2281 4760368846098
2282 4616206615615
2283 4493627253642
2284 4355192206031
2285 4238425512146
2286 4106886122003
2287 3994471229652
2288 3869098838833
2289 3762259925764
2290 3642473969169
2291 3540448786830
2292 3426508483238
2293 3328950185040
2294 3220805908396
2295 3127895746092
2296 3024543824988
2297 2936301648524
2298 2838454586684
2299 2753964412124
2300 2661039900079
2301 2581016263878
2302 2492652929007
2303 2416533040742
2304 2332816824107
2305 2260416914202
2306 2181259893174
2307 2112565050500
2308 2037334876507
2309 1972358900524
2310 1901416968083
2311 1839561666488
2312 1772463385810
2313 1714124916964
2314 1650685749166
2315 1595447309878
2316 1535616406719
2317 1483371017432
2318 1427060443375
2319 1377730063242
2320 1324539741489
2321 1278100441208
2322 1228171911029
2323 1184255924272
2324 1137281136811
2325 1096069983198
2326 1051941142391
2327 1013116944360
2328 971726918902
2329 935262614074
2330 896524767864
2331 862289692614
2332 825944600015
2333 793907456034
2334 759994610194
2335 729923308960
2336 698216042997
2337 670161979750
2338 640599308951
2339 614348266422
2340 586805072708
2341 562342159872
2342 536731193060
2343 513927001358
2344 490099437157
2345 468910699190
2346 446836686817
2347 427118962004
2348 406637906202
2349 388385407984
2350 369458955207
2351 352517818436
2352 335022857841
2353 319385904788
2354 303256417384
2355 288805025414
2356 273945941002
2357 260634789092
2358 246993374871
2359 234736497460
2360 222199259001
2361 210961815432
2362 199496560041
2363 189172493448
2364 178682767289
2365 169261785680
2366 159690719441
2367 151075753160
2368 142364614975
2369 134518103140
2370 126610028422
2371 119477153002
2372 112292856298
2373 105831065448
2374 99347908204
2375 93486183164
2376 87629436661
2377 82353425238
2378 77080007851
2379 72321573604
2380 67591857293
2381 63318476114
2382 59084923308
2383 55260892034
2384 51472245177
2385 48060636140
2386 44697605786
2387 41651032022
2388 38662379514
2389 35968569606
2390 33322224843
2391 30934778002
2392 28605119754
2393 26499473704
2394 24452577859
2395 22605980186
2396 20809547184
2397 19194155188
2398 17633218457
2399 16220903954
2400 14863085962
2401 13642540178
2402 12466784433
2403 11410126500
2404 10400294971
2405 9490682906
2406 8625597496
2407 7848839840
2408 7109356761
2409 6448344118
2410 5824235657
2411 5262757590
2412 4735837798
2413 4265782238
2414 3823719022
2415 3429904412
2416 3063304890
2417 2735827906
2418 2432898894
2419 2163801154
2420 1914599798
2421 1694565994
2422 1492899691
2423 1313826580
2424 1151014354
2425 1007933256
2426 877645197
2427 763606684
2428 661076271
2429 571117292
2430 490994720
2431 421373482
2432 359263695
2433 305819850
2434 258832918
2435 218209818
2436 182903101
2437 152868836
2438 126755371
2439 104731654
2440 85927084
2441 70074188
2442 56731291
2443 45677638
2444 36387113
2445 28829554
2446 22618115
2447 17568030
2448 13501720
2449 10287216
2450 7713704
2451 5725742
2452 4185955
2453 3009464
2454 2126005
2455 1475800
2456 996898
2457 659872
2458 424729
2459 263396
2460 158022
2461 91148
2462 49233
2463 25152
2464 11961
2465 5004
2466 1862
2467 594
2468 136
2469 18
2470 1
