2024 1
2025 21
2026 190
2027 1009
2028 3764
2029 11464
2030 30758
2031 73211
2032 158483
2033 321852
2034 613687
2035 1109961
2036 1931498
2037 3236409
2038 5243357
2039 8275086
2040 12730734
2041 19125847
2042 28192471
2043 40781504
2044 57986725
2045 81263558
2046 112287133
2047 153090114
2048 206417896
2049 275195488
2050 363002279
2051 474583100
2052 614842885
2053 789699171
2054 1006752293
2055 1274072046
2056 1600573542
2057 1998603653
2058 2479571608
2059 3058234866
2060 3751672086
2061 4578362836
2062 5557263137
2063 6716715283
2064 8078980080
2065 9675473837
2066 11540009826
2067 13711931905
2068 16224791245
2069 19136395249
2070 22485527171
2071 26336075528
2072 30745199374
2073 35787430279
2074 41519066300
2075 48050816613
2076 55441395969
2077 63806011604
2078 73238214408
2079 83874493127
2080 95795403270
2081 109193540029
2082 124156711785
2083 140887750475
2084 159521427839
2085 180281964544
2086 203288884761
2087 228868861925
2088 257130789409
2089 288399289737
2090 322872649410
2091 360922115946
2092 402691423461
2093 448688617732
2094 499059804089
2095 554330404214
2096 614741850444
2097 680860692688
2098 752869358151
2099 831577222179
2100 917107746877
2101 1010252573471
2102 1111323915890
2103 1221216669384
2104 1340072718939
2105 1469085079647
2106 1608372476222
2107 1759174578351
2108 1921752294697
2109 2097430566634
2110 2286314152245
2111 2490233873754
2112 2709118645560
2113 2944766746065
2114 3197415872893
2115 3469115197866
2116 3759683025313
2117 4071741147580
2118 4405024468380
2119 4762295930325
2120 5143403354313
2121 5551312162776
2122 5985562367803
2123 6450043530888
2124 6943848116129
2125 7470891016877
2126 8030657595921
2127 8627658729035
2128 9260500080421
2129 9934614056581
2130 10648462900827
2131 11407876259290
2132 12211180369482
2133 13064684362381
2134 13966166722662
2135 14923445997675
2136 15933391414783
2137 17004073394113
2138 18132676079708
2139 19328518744166
2140 20587179524043
2141 21919233831282
2142 23320189075607
2143 24801590510584
2144 26357910184256
2145 28001835285581
2146 29727065143737
2147 31548447629365
2148 33458125572086
2149 35471614146319
2150 37580930594840
2151 39804085426282
2152 42130513427326
2153 44579540051846
2154 47140777340005
2155 49835727442881
2156 52650921104303
2157 55610380966907
2158 58699843930053
2159 61945721961443
2160 65331462282896
2161 68885087881793
2162 72588704739933
2163 76475170665594
2164 80522477425452
2165 84764085510824
2166 89179191519308
2167 93805745276114
2168 98615711038756
2169 103651795872982
2170 108885889275029
2171 114362330080358
2172 120050182186313
2173 125997410595048
2174 132168459115229
2175 138620287489908
2176 145311494199784
2177 152297454254958
2178 159540363690278
2179 167103560497168
2180 174934508892046
2181 183105456555337
2182 191565884438377
2183 200386985929463
2184 209514857200178
2185 219028024652532
2186 228861671393470
2187 239110746823858
2188 249702849592762
2189 260725228634200
2190 272114139679721
2191 283971043761645
2192 296204430737377
2193 308931784232751
2194 322067289712597
2195 335721141868397
2196 349804554793875
2197 364442148660790
2198 379522948463443
2199 395198725505407
2200 411349749276759
2201 428108772449675
2202 445374451775596
2203 463303846037882
2204 481744700701337
2205 500882418223464
2206 520577599832978
2207 540996459081842
2208 561999406645336
2209 583776999558089
2210 606148268812312
2211 629348420461369
2212 653188827372636
2213 677865837907374
2214 703222704439377
2215 729497198868086
2216 756445305003613
2217 784353016362872
2218 813002237608045
2219 842636197925879
2220 873043014582821
2221 904506541206713
2222 936744156931963
2223 970111108382406
2224 1004317753009489
2225 1039648460194851
2226 1075868604811042
2227 1113330808762452
2228 1151657067391482
2229 1191276191379915
2230 1231857646033004
2231 1273749360713190
2232 1316640625260903
2233 1360946471399215
2234 1406234317807431
2235 1453030409904083
2236 1500901876576260
2237 1550254860473272
2238 1600746677002143
2239 1652887037457502
2240 1706108637080394
2241 1761038703763827
2242 1817192641074687
2243 1875058997800861
2244 1934189562467979
2245 1995179701471776
2246 2057385244216918
2247 2121573378046827
2248 2187112214970939
2249 2254566955374027
2250 2323450864440824
2251 2394485564654086
2252 2466844102402505
2253 2541426355616171
2254 2617534477471511
2255 2695842319369185
2256 2775716592391763
2257 2858000967179177
2258 2941759417106124
2259 3028080877444538
2260 3116067636609827
2261 3206491568273537
2262 3298680325904430
2263 3393636501691632
2264 3490177076222312
2265 3589569320882189
2266 3690828714211107
2267 3794874211361966
2268 3900832623480498
2269 4009867491120767
2270 4120651707827874
2271 4234702456289793
2272 4350776830852830
2273 4469909584533746
2274 4591183512966576
2275 4715971399847803
2276 4842613543813778
2277 4972867995263022
2278 5105377601274681
2279 5241363371607641
2280 5379647199333815
2281 5521804424875682
2282 5666004528457935
2283 5814319524825632
2284 5965051221953709
2285 6119569814393978
2286 6276644298810994
2287 6438132272738615
2288 6601750749233813
2289 6769887995300245
2290 6940708064293321
2291 7115804361785143
2292 7293629597942539
2293 7476282305205544
2294 7661267335996990
2295 7851374188859245
2296 8044325490297196
2297 8241914304704295
2298 8442517966526361
2299 8648597795602843
2300 8857073016736372
2301 9071132234174390
2302 9288347206553444
2303 9510774853147871
2304 9736389152601441
2305 9967952736324876
2306 10202119695072887
2307 10442605616657566
2308 10686399851388583
2309 10935801052399867
2310 11188712889346095
2311 11448342512159742
2312 11710613824587499
2313 11979728076243172
2314 12252497978095396
2315 12531547099659311
2316 12814259253190293
2317 13104249291176029
2318 13397089467111871
2319 13697637938329401
2320 14001980224933869
2321 14313024444881505
2322 14628111573282398
2323 14951376496981960
2324 15277477045773343
2325 15611880752848231
2326 15950450424252339
2327 16296527931201600
2328 16646771480541226
2329 17005821626913029
2330 17367909318842593
2331 17739312255610257
2332 18115021400555497
2333 18498674935072593
2334 18886913813294263
2335 19285017978217285
2336 19686061212082598
2337 20097110384737473
2338 20512867136789128
2339 20937500150340835
2340 21366793750166771
2341 21806647285166577
2342 22249661591179822
2343 22703858277772797
2344 23162853199876040
2345 23631186730806396
2346 24104631948952065
2347 24589898653079859
2348 25078121677108468
2349 25578286464509818
2350 26083688489209506
2351 26599475609292885
2352 27120436072177657
2353 27653980570821743
2354 28190670431221469
2355 28740675826491518
2356 29295932786254422
2357 29862095307391210
2358 30433895003948391
2359 31019747084316720
2360 31608415133155693
2361 32211205283439252
2362 32819770616790624
2363 33440418512460467
2364 34066690364683136
2365 34707835648770596
2366 35351947476602171
2367 36011828304463206
2368 36677385991444032
2369 37355553881893534
2370 38039839710061945
2371 38740676983748315
2372 39444033465259773
2373 40164025213395185
2374 40890255128813309
2375 41630418277447878
2376 42376569531083640
2377 43140223308730043
2378 43906486114477550
2379 44691257265799455
2380 45482065185349816
2381 46287310283528895
2382 47099120487316908
2383 47930344021649893
2384 48763528558731676
2385 49616150505461439
2386 50475367986341510
2387 51350599069942675
2388 52232123844508863
2389 53134055478986271
2390 54037985782627092
2391 54963470275925664
2392 55895287166013288
2393 56843558705033484
2394 57798733084976256
2395 58776510850193921
2396 59755349212152263
2397 60756821289245126
2398 61765187796448585
2399 62791772951310983
2400 63824811261246837
2401 64881481151487339
2402 65939291177564586
2403 67022084281982265
2404 68111345749177087
2405 69219211824170504
2406 70334140989317413
2407 71475283855852749
2408 72616319413476020
2409 73783483382805238
2410 74957668229844732
2411 76152405102335237
2412 77353663828631347
2413 78582179923601247
2414 79810560656602197
2415 81067747597864236
2416 82331304392988123
2417 83615815302135162
2418 84907459723721931
2419 86229260637157686
2420 87549349113093092
2421 88899350855184451
2422 90256452210311608
2423 91636652913064554
2424 93023171633530835
2425 94440932289850829
2426 95856808840953485
2427 97305771763309485
2428 98760859326171219
2429 100239363259460884
2430 101724836360607717
2431 103244725919464801
2432 104760927682001450
2433 106311294301715405
2434 107868543964026129
2435 109451548894742840
2436 111040406466771875
2437 112664956880161759
2438 114285456452280965
2439 115943669189218383
2440 117607497734172913
2441 119297220076162654
2442 120993612320841678
2443 122729222462894506
2444 124458554053149079
2445 126226623865152671
2446 128001048638832882
2447 129804150134294608
2448 131612426044208177
2449 133461149695131726
2450 135303128049511720
2451 137187756524841168
2452 139077297201681278
2453 140995432884312658
2454 142919588009198411
2455 144888120726886184
2456 146847077221745401
2457 148849918286719353
2458 150858412873415670
2459 152898480394380186
2460 154942719773337927
2461 157032451723651416
2462 159112259786391843
2463 161240181230780507
2464 163371942945285550
2465 165535026456325819
2466 167703011240570711
2467 169921131715670660
2468 172125855825929355
2469 174379865507260263
2470 176638441148317122
2471 178931538789338632
2472 181227592898650186
2473 183574672288514683
2474 185907898490892537
2475 188295063985989597
2476 190684488027298437
2477 193108152984635083
2478 195535494134132600
2479 198019002484324564
2480 200484477754642744
2481 203004908880292592
2482 205528662983744946
2483 208090076482643076
2484 210652676547552728
2485 213272256587599137
2486 215873164259734971
2487 218534401784865351
2488 221196110838714419
2489 223894876732396969
2490 226595613659793383
2491 229358761117036432
2492 232098784228256432
2493 234899947049916026
2494 237702614917178152
2495 240546074275430356
2496 243388385267349570
2497 246294167575008705
2498 249175863363912501
2499 252124606677052615
2500 255071512877379366
2501 258058036716872500
2502 261044680553246870
2503 264100618338590961
2504 267127282357409900
2505 270221526435716706
2506 273314964455304449
2507 276452538253805212
2508 279586341907206631
2509 282790293953752646
2510 285963893995782474
2511 289211360463208291
2512 292454475415390689
2513 295740056693522119
2514 299023266968349960
2515 302382843226814175
2516 305705976636328851
2517 309103743859688739
2518 312498158277157412
2519 315939779674171438
2520 319374556660475464
2521 322886235231472355
2522 326360662157671973
2523 329916423903627738
2524 333464653168837418
2525 337057929098511864
2526 340645623861657342
2527 344317544228389133
2528 347945219010573832
2529 351654538097915353
2530 355357475164789021
2531 359110335777774873
2532 362853084665752280
2533 366680001554787934
2534 370461825201130083
2535 374332611834926715
2536 378191834200486290
2537 382098934317641237
2538 385997117946187146
2539 389987351146614428
2540 393924465798469985
2541 397950362903983918
2542 401966721053448701
2543 406035830656105897
2544 410090839334734630
2545 414237416016145781
2546 418329818145674739
2547 422519365832952053
2548 426693397944217786
2549 430917573187711398
2550 435128832109024021
2551 439439938629436796
2552 443688587091259863
2553 448033637030706656
2554 452365179996135134
2555 456752150180105725
2556 461120151707614160
2557 465587632202788429
2558 469991424403349745
2559 474500494402902464
2560 478989357456639436
2561 483529962446423714
2562 488053859608887901
2563 492685930223019577
2564 497244871500244982
2565 501907840358726523
2566 506552606635072349
2567 511255574570093257
2568 515934621213494208
2569 520721032312928280
2570 525433175222078177
2571 530258337572091365
2572 535058697281456156
2573 539912585094334460
2574 544745044582852558
2575 549693929659119669
2576 554557938152788972
2577 559534157913426777
2578 564487384057528989
2579 569500949869567822
2580 574485059727787603
2581 579583913843575158
2582 584597588866440025
2583 589732843473214350
2584 594837811627893352
2585 599997357482679292
2586 605130003984562807
2587 610387958867413198
2588 615548877606459927
2589 620829690751663159
2590 626082388645123691
2591 631396687120794896
2592 636675971782007018
2593 642078037732435535
2594 647382813677875352
2595 652817395894298380
2596 658215230407750403
2597 663669152514781916
2598 669090848846019775
2599 674646105451179960
2600 680091237682041292
2601 685663403506184541
2602 691202517871598560
2603 696804541344822320
2604 702365465304206760
2605 708056777030894413
2606 713637286827226158
2607 719356528719704926
2608 725032865532994436
2609 730765687224387713
2610 736460255501083637
2611 742296320659360578
2612 748009061199235571
2613 753856334349279906
2614 759664861999181789
2615 765536953764202210
2616 771360790833991112
2617 777323074295169927
2618 783161439769188923
2619 789146628107780990
2620 795082036568599274
2621 801073230084347604
2622 807020746504052895
2623 813118063284824870
2624 819077551648916436
2625 825178924282696169
2626 831234888649014553
2627 837355104340460795
2628 843420468130166578
2629 849631605702464116
2630 855704653744496645
2631 861931684631887223
2632 868102968246344303
2633 874329443340573392
2634 880505783704672584
2635 886839714273652371
2636 893020241133410208
2637 899350292759137775
2638 905628850701305595
2639 911971495860439434
2640 918252100344853308
2641 924684524804306251
2642 930965250006046311
2643 937407679061535301
2644 943787379832554638
2645 950220576765470936
2646 956596737834847584
2647 963138779499214023
2648 969512021311746566
2649 976041516057496938
2650 982513037569616817
2651 989046856567641321
2652 995512189204991442
2653 1002136257308050553
2654 1008593929510470860
2655 1015219960431815683
2656 1021775611700363399
2657 1028383378881597472
2658 1034927942731722338
2659 1041645298044080870
2660 1048178303607642320
2661 1054872860062116669
2662 1061503725629505055
2663 1068195517913411018
2664 1074811676396999307
2665 1081592373574889358
2666 1088190828386820573
2667 1094965288378452342
2668 1101662628976429002
2669 1108408892982492783
2670 1115085609063633415
2671 1121940703722467974
2672 1128596661335521299
2673 1135419711824772266
2674 1142173229125951993
2675 1148984881941809088
2676 1155712815680653218
2677 1162611623012649277
2678 1169313565106715890
2679 1176197457747748825
2680 1182997038387109329
2681 1189841179309131234
2682 1196610603768057039
2683 1203564133730089168
2684 1210303098381302171
2685 1217213655705864700
2686 1224047897251963877
2687 1230937691003997595
2688 1237737622794518233
2689 1244712970877917105
2690 1251476280088889916
2691 1258425815668490375
2692 1265285589461195454
2693 1272185490227050452
2694 1279004888366460898
2695 1286013338407756363
2696 1292790995673347407
2697 1299744828691956716
2698 1306617304994702709
2699 1313541019743783828
2700 1320368340040675370
2701 1327373591806685151
2702 1334153900085899678
2703 1341124978650536260
2704 1347999983685291411
2705 1354909376694523059
2706 1361732107005130217
2707 1368748830910829692
2708 1375520219826091952
2709 1382470967025320324
2710 1389335266369726103
2711 1396244064286330877
2712 1403052106362862464
2713 1410040978468824788
2714 1416791353852892584
2715 1423735218578633830
2716 1430576925377968894
2717 1437447471379321253
2718 1444226852464719305
2719 1451203312742073632
2720 1457920156018244663
2721 1464817063734410652
2722 1471624373883919817
2723 1478470390743795983
2724 1485210884745163080
2725 1492132933183101856
2726 1498802934282670984
2727 1505669525960836554
2728 1512429850728233346
2729 1519211057522288033
2730 1525897593611052109
2731 1532781625583100459
2732 1539393957085636839
2733 1546187432749684194
2734 1552888132475463757
2735 1559619679601314782
2736 1566240468007268330
2737 1573044549394505700
2738 1579585404926156421
2739 1586323158673829164
2740 1592951076216158961
2741 1599589684275979499
2742 1606132422036922240
2743 1612873017444925707
2744 1619330700955894010
2745 1625968333778646061
2746 1632509562014472847
2747 1639074235072787317
2748 1645525904794055812
2749 1652159564559786996
2750 1658519368379560526
2751 1665074434932150601
2752 1671518720152086789
2753 1677963510205991050
2754 1684311390803992448
2755 1690855487145279968
2756 1697105296539084075
2757 1703533867296052564
2758 1709866063436252679
2759 1716211666852325047
2760 1722442207379401533
2761 1728850769889861181
2762 1734978393454897757
2763 1741299232429147863
2764 1747508377548995775
2765 1753706535914504066
2766 1759806740327244473
2767 1766101161269070010
2768 1772093605102108908
2769 1778260949891164445
2770 1784332212787620708
2771 1790403930908756899
2772 1796362609974966606
2773 1802495276553705928
2774 1808339994811231348
2775 1814373763052835680
2776 1820295230188351267
2777 1826194330301531948
2778 1831997515830097658
2779 1837990665722516534
2780 1843675205054945973
2781 1849527159435252093
2782 1855287092664801132
2783 1861035133265667409
2784 1866672128764967636
2785 1872476276600297251
2786 1877986983698515863
2787 1883682419670701897
2788 1889268003353778344
2789 1894817427286416646
2790 1900274019012710600
2791 1905912764947724120
2792 1911240031209238506
2793 1916728322695131884
2794 1922128682046776140
2795 1927502151837392739
2796 1932767155544804104
2797 1938192782212758070
2798 1943323223236188440
2799 1948630595850939534
2800 1953832498289245193
2801 1958981386135738164
2802 1964043869989168867
2803 1969280924416565367
2804 1974204810704585342
2805 1979280232262221854
2806 1984271880100407960
2807 1989223309605225717
2808 1994072339629979579
2809 1999071883011831710
2810 2003776112112382196
2811 2008646407575764991
2812 2013418999336627436
2813 2018122250349781746
2814 2022746862917573328
2815 2027535540933166103
2816 2032009803147739067
2817 2036626597875704357
2818 2041167901062560656
2819 2045652371201365001
2820 2050041381338489646
2821 2054568354168019368
2822 2058804214493264792
2823 2063195071591109912
2824 2067496579290653947
2825 2071710677200696038
2826 2075853626930796652
2827 2080150246083353127
2828 2084136686155292841
2829 2088253288762898171
2830 2092303045298593396
2831 2096276977058324054
2832 2100166607972025176
2833 2104181585282306822
2834 2107910319905406719
2835 2111781241986299216
2836 2115571310304439289
2837 2119256446640216799
2838 2122882205620254348
2839 2126648252335340043
2840 2130109422069461060
2841 2133684956942572288
2842 2137207171223685868
2843 2140635516502779319
2844 2143990400722562050
2845 2147455865363639630
2846 2150640957586012105
2847 2153955669302210070
2848 2157201585968954168
2849 2160323777309125001
2850 2163398821395910367
2851 2166597013040131526
2852 2169500616111512535
2853 2172503710551564334
2854 2175466680283015846
2855 2178315711368530853
2856 2181103293689756418
2857 2183987239283064520
2858 2186600668107871757
2859 2189328398891660526
2860 2192000304078222230
2861 2194526982408461492
2862 2197022222585637049
2863 2199625559235406068
2864 2201944914207439143
2865 2204346291428461119
2866 2206720729772585961
2867 2208963167369271195
2868 2211159407642714713
2869 2213434736474108901
2870 2215451708327482278
2871 2217564531844427311
2872 2219637759919487089
2873 2221546426138786435
2874 2223439399328275787
2875 2225422703614981901
2876 2227132901175895885
2877 2228909998098501519
2878 2230676608136800809
2879 2232290849579522579
2880 2233874617642698345
2881 2235518014871545783
2882 2236918830119931708
2883 2238398236424142216
2884 2239854828224847059
2885 2241126290540288761
2886 2242396700531614626
2887 2243741462577896956
2888 2244828475089666448
2889 2245964359941574716
2890 2247105982578510426
2891 2248074223911880824
2892 2249030920169255194
2893 2250028882852216548
2894 2250800412258050111
2895 2251631952108446930
2896 2252456132781266967
2897 2253077054090870083
2898 2253715652519808958
2899 2254410257864528929
2900 2254862480272501688
2901 2255343837567443024
2902 2255850433736791930
2903 2256164913113768153
2904 2256485510267024143
2905 2256828831902121348
2906 2256961328932287467
2907 2257136647230667004
2908 2257323403728064042
2909 2257287926517768227
2910 2257287926517768227
2911 2257323403728064042
2912 2257136647230667004
2913 2256961328932287467
2914 2256828831902121348
2915 2256485510267024143
2916 2256164913113768153
2917 2255850433736791930
2918 2255343837567443024
2919 2254862480272501688
2920 2254410257864528929
2921 2253715652519808958
2922 2253077054090870083
2923 2252456132781266967
2924 2251631952108446930
2925 2250800412258050111
2926 2250028882852216548
2927 2249030920169255194
2928 2248074223911880824
2929 2247105982578510426
2930 2245964359941574716
2931 2244828475089666448
2932 2243741462577896956
2933 2242396700531614626
2934 2241126290540288761
2935 2239854828224847059
2936 2238398236424142216
2937 2236918830119931708
2938 2235518014871545783
2939 2233874617642698345
2940 2232290849579522579
2941 2230676608136800809
2942 2228909998098501519
2943 2227132901175895885
2944 2225422703614981901
2945 2223439399328275787
2946 2221546426138786435
2947 2219637759919487089
2948 2217564531844427311
2949 2215451708327482278
2950 2213434736474108901
2951 2211159407642714713
2952 2208963167369271195
2953 2206720729772585961
2954 2204346291428461119
2955 2201944914207439143
2956 2199625559235406068
2957 2197022222585637049
2958 2194526982408461492
2959 2192000304078222230
2960 2189328398891660526
2961 2186600668107871757
2962 2183987239283064520
2963 2181103293689756418
2964 2178315711368530853
2965 2175466680283015846
2966 2172503710551564334
2967 2169500616111512535
2968 2166597013040131526
2969 2163398821395910367
2970 2160323777309125001
2971 2157201585968954168
2972 2153955669302210070
2973 2150640957586012105
2974 2147455865363639630
2975 2143990400722562050
2976 2140635516502779319
2977 2137207171223685868
2978 2133684956942572288
2979 2130109422069461060
2980 2126648252335340043
2981 2122882205620254348
2982 2119256446640216799
2983 2115571310304439289
2984 2111781241986299216
2985 2107910319905406719
2986 2104181585282306822
2987 2100166607972025176
2988 2096276977058324054
2989 2092303045298593396
2990 2088253288762898171
2991 2084136686155292841
2992 2080150246083353127
2993 2075853626930796652
2994 2071710677200696038
2995 2067496579290653947
2996 2063195071591109912
2997 2058804214493264792
2998 2054568354168019368
2999 2050041381338489646
3000 2045652371201365001
3001 2041167901062560656
3002 2036626597875704357
3003 2032009803147739067
3004 2027535540933166103
3005 2022746862917573328
3006 2018122250349781746
3007 2013418999336627436
3008 2008646407575764991
3009 2003776112112382196
3010 1999071883011831710
3011 1994072339629979579
3012 1989223309605225717
3013 1984271880100407960
3014 1979280232262221854
3015 1974204810704585342
3016 1969280924416565367
3017 1964043869989168867
3018 1958981386135738164
3019 1953832498289245193
3020 1948630595850939534
3021 1943323223236188440
3022 1938192782212758070
3023 1932767155544804104
3024 1927502151837392739
3025 1922128682046776140
3026 1916728322695131884
3027 1911240031209238506
3028 1905912764947724120
3029 1900274019012710600
3030 1894817427286416646
3031 1889268003353778344
3032 1883682419670701897
3033 1877986983698515863
3034 1872476276600297251
3035 1866672128764967636
3036 1861035133265667409
3037 1855287092664801132
3038 1849527159435252093
3039 1843675205054945973
3040 1837990665722516534
3041 1831997515830097658
3042 1826194330301531948
3043 1820295230188351267
3044 1814373763052835680
3045 1808339994811231348
3046 1802495276553705928
3047 1796362609974966606
3048 1790403930908756899
3049 1784332212787620708
3050 1778260949891164445
3051 1772093605102108908
3052 1766101161269070010
3053 1759806740327244473
3054 1753706535914504066
3055 1747508377548995775
3056 1741299232429147863
3057 1734978393454897757
3058 1728850769889861181
3059 1722442207379401533
3060 1716211666852325047
3061 1709866063436252679
3062 1703533867296052564
3063 1697105296539084075
3064 1690855487145279968
3065 1684311390803992448
3066 1677963510205991050
3067 1671518720152086789
3068 1665074434932150601
3069 1658519368379560526
3070 1652159564559786996
3071 1645525904794055812
3072 1639074235072787317
3073 1632509562014472847
3074 1625968333778646061
3075 1619330700955894010
3076 1612873017444925707
3077 1606132422036922240
3078 1599589684275979499
3079 1592951076216158961
3080 1586323158673829164
3081 1579585404926156421
3082 1573044549394505700
3083 1566240468007268330
3084 1559619679601314782
3085 1552888132475463757
3086 1546187432749684194
3087 1539393957085636839
3088 1532781625583100459
3089 1525897593611052109
3090 1519211057522288033
3091 1512429850728233346
3092 1505669525960836554
3093 1498802934282670984
3094 1492132933183101856
3095 1485210884745163080
3096 1478470390743795983
3097 1471624373883919817
3098 1464817063734410652
3099 1457920156018244663
3100 1451203312742073632
3101 1444226852464719305
3102 1437447471379321253
3103 1430576925377968894
3104 1423735218578633830
3105 1416791353852892584
3106 1410040978468824788
3107 1403052106362862464
3108 1396244064286330877
3109 1389335266369726103
3110 1382470967025320324
3111 1375520219826091952
3112 1368748830910829692
3113 1361732107005130217
3114 1354909376694523059
3115 1347999983685291411
3116 1341124978650536260
3117 1334153900085899678
3118 1327373591806685151
3119 1320368340040675370
3120 1313541019743783828
3121 1306617304994702709
3122 1299744828691956716
3123 1292790995673347407
3124 1286013338407756363
3125 1279004888366460898
3126 1272185490227050452
3127 1265285589461195454
3128 1258425815668490375
3129 1251476280088889916
3130 1244712970877917105
3131 1237737622794518233
3132 1230937691003997595
3133 1224047897251963877
3134 1217213655705864700
3135 1210303098381302171
3136 1203564133730089168
3137 1196610603768057039
3138 1189841179309131234
3139 1182997038387109329
3140 1176197457747748825
3141 1169313565106715890
3142 1162611623012649277
3143 1155712815680653218
3144 1148984881941809088
3145 1142173229125951993
3146 1135419711824772266
3147 1128596661335521299
3148 1121940703722467974
3149 1115085609063633415
3150 1108408892982492783
3151 1101662628976429002
3152 1094965288378452342
3153 1088190828386820573
3154 1081592373574889358
3155 1074811676396999307
3156 1068195517913411018
3157 1061503725629505055
3158 1054872860062116669
3159 1048178303607642320
3160 1041645298044080870
3161 1034927942731722338
3162 1028383378881597472
3163 1021775611700363399
3164 1015219960431815683
3165 1008593929510470860
3166 1002136257308050553
3167 995512189204991442
3168 989046856567641321
3169 982513037569616817
3170 976041516057496938
3171 969512021311746566
3172 963138779499214023
3173 956596737834847584
3174 950220576765470936
3175 943787379832554638
3176 937407679061535301
3177 930965250006046311
3178 924684524804306251
3179 918252100344853308
3180 911971495860439434
3181 905628850701305595
3182 899350292759137775
3183 893020241133410208
3184 886839714273652371
3185 880505783704672584
3186 874329443340573392
3187 868102968246344303
3188 861931684631887223
3189 855704653744496645
3190 849631605702464116
3191 843420468130166578
3192 837355104340460795
3193 831234888649014553
3194 825178924282696169
3195 819077551648916436
3196 813118063284824870
3197 807020746504052895
3198 801073230084347604
3199 795082036568599274
3200 789146628107780990
3201 783161439769188923
3202 777323074295169927
3203 771360790833991112
3204 765536953764202210
3205 759664861999181789
3206 753856334349279906
3207 748009061199235571
3208 742296320659360578
3209 736460255501083637
3210 730765687224387713
3211 725032865532994436
3212 719356528719704926
3213 713637286827226158
3214 708056777030894413
3215 702365465304206760
3216 696804541344822320
3217 691202517871598560
3218 685663403506184541
3219 680091237682041292
3220 674646105451179960
3221 669090848846019775
3222 663669152514781916
3223 658215230407750403
3224 652817395894298380
3225 647382813677875352
3226 642078037732435535
3227 636675971782007018
3228 631396687120794896
3229 626082388645123691
3230 620829690751663159
3231 615548877606459927
3232 610387958867413198
3233 605130003984562807
3234 599997357482679292
3235 594837811627893352
3236 589732843473214350
3237 584597588866440025
3238 579583913843575158
3239 574485059727787603
3240 569500949869567822
3241 564487384057528989
3242 559534157913426777
3243 554557938152788972
3244 549693929659119669
3245 544745044582852558
3246 539912585094334460
3247 535058697281456156
3248 530258337572091365
3249 525433175222078177
3250 520721032312928280
3251 515934621213494208
3252 511255574570093257
3253 506552606635072349
3254 501907840358726523
3255 497244871500244982
3256 492685930223019577
3257 488053859608887901
3258 483529962446423714
3259 478989357456639436
3260 474500494402902464
3261 469991424403349745
3262 465587632202788429
3263 461120151707614160
3264 456752150180105725
3265 452365179996135134
3266 448033637030706656
3267 443688587091259863
3268 439439938629436796
3269 435128832109024021
3270 430917573187711398
3271 426693397944217786
3272 422519365832952053
3273 418329818145674739
3274 414237416016145781
3275 410090839334734630
3276 406035830656105897
3277 401966721053448701
3278 397950362903983918
3279 393924465798469985
3280 389987351146614428
3281 385997117946187146
3282 382098934317641237
3283 378191834200486290
3284 374332611834926715
3285 370461825201130083
3286 366680001554787934
3287 362853084665752280
3288 359110335777774873
3289 355357475164789021
3290 351654538097915353
3291 347945219010573832
3292 344317544228389133
3293 340645623861657342
3294 337057929098511864
3295 333464653168837418
3296 329916423903627738
3297 326360662157671973
3298 322886235231472355
3299 319374556660475464
3300 315939779674171438
3301 312498158277157412
3302 309103743859688739
3303 305705976636328851
3304 302382843226814175
3305 299023266968349960
3306 295740056693522119
3307 292454475415390689
3308 289211360463208291
3309 285963893995782474
3310 282790293953752646
3311 279586341907206631
3312 276452538253805212
3313 273314964455304449
3314 270221526435716706
3315 267127282357409900
3316 264100618338590961
3317 261044680553246870
3318 258058036716872500
3319 255071512877379366
3320 252124606677052615
3321 249175863363912501
3322 246294167575008705
3323 243388385267349570
3324 240546074275430356
3325 237702614917178152
3326 234899947049916026
3327 232098784228256432
3328 229358761117036432
3329 226595613659793383
3330 223894876732396969
3331 221196110838714419
3332 218534401784865351
3333 215873164259734971
3334 213272256587599137
3335 210652676547552728
3336 208090076482643076
3337 205528662983744946
3338 203004908880292592
3339 200484477754642744
3340 198019002484324564
3341 195535494134132600
3342 193108152984635083
3343 190684488027298437
3344 188295063985989597
3345 185907898490892537
3346 183574672288514683
3347 181227592898650186
3348 178931538789338632
3349 176638441148317122
3350 174379865507260263
3351 172125855825929355
3352 169921131715670660
3353 167703011240570711
3354 165535026456325819
3355 163371942945285550
3356 161240181230780507
3357 159112259786391843
3358 157032451723651416
3359 154942719773337927
3360 152898480394380186
3361 150858412873415670
3362 148849918286719353
3363 146847077221745401
3364 144888120726886184
3365 142919588009198411
3366 140995432884312658
3367 139077297201681278
3368 137187756524841168
3369 135303128049511720
3370 133461149695131726
3371 131612426044208177
3372 129804150134294608
3373 128001048638832882
3374 126226623865152671
3375 124458554053149079
3376 122729222462894506
3377 120993612320841678
3378 119297220076162654
3379 117607497734172913
3380 115943669189218383
3381 114285456452280965
3382 112664956880161759
3383 111040406466771875
3384 109451548894742840
3385 107868543964026129
3386 106311294301715405
3387 104760927682001450
3388 103244725919464801
3389 101724836360607717
3390 100239363259460884
3391 98760859326171219
3392 97305771763309485
3393 95856808840953485
3394 94440932289850829
3395 93023171633530835
3396 91636652913064554
3397 90256452210311608
3398 88899350855184451
3399 87549349113093092
3400 86229260637157686
3401 84907459723721931
3402 83615815302135162
3403 82331304392988123
3404 81067747597864236
3405 79810560656602197
3406 78582179923601247
3407 77353663828631347
3408 76152405102335237
3409 74957668229844732
3410 73783483382805238
3411 72616319413476020
3412 71475283855852749
3413 70334140989317413
3414 69219211824170504
3415 68111345749177087
3416 67022084281982265
3417 65939291177564586
3418 64881481151487339
3419 63824811261246837
3420 62791772951310983
3421 61765187796448585
3422 60756821289245126
3423 59755349212152263
3424 58776510850193921
3425 57798733084976256
3426 56843558705033484
3427 55895287166013288
3428 54963470275925664
3429 54037985782627092
3430 53134055478986271
3431 52232123844508863
3432 51350599069942675
3433 50475367986341510
3434 49616150505461439
3435 48763528558731676
3436 47930344021649893
3437 47099120487316908
3438 46287310283528895
3439 45482065185349816
3440 44691257265799455
3441 43906486114477550
3442 43140223308730043
3443 42376569531083640
3444 41630418277447878
3445 40890255128813309
3446 40164025213395185
3447 39444033465259773
3448 38740676983748315
3449 38039839710061945
3450 37355553881893534
3451 36677385991444032
3452 36011828304463206
3453 35351947476602171
3454 34707835648770596
3455 34066690364683136
3456 33440418512460467
3457 32819770616790624
3458 32211205283439252
3459 31608415133155693
3460 31019747084316720
3461 30433895003948391
3462 29862095307391210
3463 29295932786254422
3464 28740675826491518
3465 28190670431221469
3466 27653980570821743
3467 27120436072177657
3468 26599475609292885
3469 26083688489209506
3470 25578286464509818
3471 25078121677108468
3472 24589898653079859
3473 24104631948952065
3474 23631186730806396
3475 23162853199876040
3476 22703858277772797
3477 22249661591179822
3478 21806647285166577
3479 21366793750166771
3480 20937500150340835
3481 20512867136789128
3482 20097110384737473
3483 19686061212082598
3484 19285017978217285
3485 18886913813294263
3486 18498674935072593
3487 18115021400555497
3488 17739312255610257
3489 17367909318842593
3490 17005821626913029
3491 16646771480541226
3492 16296527931201600
3493 15950450424252339
3494 15611880752848231
3495 15277477045773343
3496 14951376496981960
3497 14628111573282398
3498 14313024444881505
3499 14001980224933869
3500 13697637938329401
3501 13397089467111871
3502 13104249291176029
3503 12814259253190293
3504 12531547099659311
3505 12252497978095396
3506 11979728076243172
3507 11710613824587499
3508 11448342512159742
3509 11188712889346095
3510 10935801052399867
3511 10686399851388583
3512 10442605616657566
3513 10202119695072887
3514 9967952736324876
3515 9736389152601441
3516 9510774853147871
3517 9288347206553444
3518 9071132234174390
3519 8857073016736372
3520 8648597795602843
3521 8442517966526361
3522 8241914304704295
3523 8044325490297196
3524 7851374188859245
3525 7661267335996990
3526 7476282305205544
3527 7293629597942539
3528 7115804361785143
3529 6940708064293321
3530 6769887995300245
3531 6601750749233813
3532 6438132272738615
3533 6276644298810994
3534 6119569814393978
3535 5965051221953709
3536 5814319524825632
3537 5666004528457935
3538 5521804424875682
3539 5379647199333815
3540 5241363371607641
3541 5105377601274681
3542 4972867995263022
3543 4842613543813778
3544 4715971399847803
3545 4591183512966576
3546 4469909584533746
3547 4350776830852830
3548 4234702456289793
3549 4120651707827874
3550 4009867491120767
3551 3900832623480498
3552 3794874211361966
3553 3690828714211107
3554 3589569320882189
3555 3490177076222312
3556 3393636501691632
3557 3298680325904430
3558 3206491568273537
3559 3116067636609827
3560 3028080877444538
3561 2941759417106124
3562 2858000967179177
3563 2775716592391763
3564 2695842319369185
3565 2617534477471511
3566 2541426355616171
3567 2466844102402505
3568 2394485564654086
3569 2323450864440824
3570 2254566955374027
3571 2187112214970939
3572 2121573378046827
3573 2057385244216918
3574 1995179701471776
3575 1934189562467979
3576 1875058997800861
3577 1817192641074687
3578 1761038703763827
3579 1706108637080394
3580 1652887037457502
3581 1600746677002143
3582 1550254860473272
3583 1500901876576260
3584 1453030409904083
3585 1406234317807431
3586 1360946471399215
3587 1316640625260903
3588 1273749360713190
3589 1231857646033004
3590 1191276191379915
3591 1151657067391482
3592 1113330808762452
3593 1075868604811042
3594 1039648460194851
3595 1004317753009489
3596 970111108382406
3597 936744156931963
3598 904506541206713
3599 873043014582821
3600 842636197925879
3601 813002237608045
3602 784353016362872
3603 756445305003613
3604 729497198868086
3605 703222704439377
3606 677865837907374
3607 653188827372636
3608 629348420461369
3609 606148268812312
3610 583776999558089
3611 561999406645336
3612 540996459081842
3613 520577599832978
3614 500882418223464
3615 481744700701337
3616 463303846037882
3617 445374451775596
3618 428108772449675
3619 411349749276759
3620 395198725505407
3621 379522948463443
3622 364442148660790
3623 349804554793875
3624 335721141868397
3625 322067289712597
3626 308931784232751
3627 296204430737377
3628 283971043761645
3629 272114139679721
3630 260725228634200
3631 249702849592762
3632 239110746823858
3633 228861671393470
3634 219028024652532
3635 209514857200178
3636 200386985929463
3637 191565884438377
3638 183105456555337
3639 174934508892046
3640 167103560497168
3641 159540363690278
3642 152297454254958
3643 145311494199784
3644 138620287489908
3645 132168459115229
3646 125997410595048
3647 120050182186313
3648 114362330080358
3649 108885889275029
3650 103651795872982
3651 98615711038756
3652 93805745276114
3653 89179191519308
3654 84764085510824
3655 80522477425452
3656 76475170665594
3657 72588704739933
3658 68885087881793
3659 65331462282896
3660 61945721961443
3661 58699843930053
3662 55610380966907
3663 52650921104303
3664 49835727442881
3665 47140777340005
3666 44579540051846
3667 42130513427326
3668 39804085426282
3669 37580930594840
3670 35471614146319
3671 33458125572086
3672 31548447629365
3673 29727065143737
3674 28001835285581
3675 26357910184256
3676 24801590510584
3677 23320189075607
3678 21919233831282
3679 20587179524043
3680 19328518744166
3681 18132676079708
3682 17004073394113
3683 15933391414783
3684 14923445997675
3685 13966166722662
3686 13064684362381
3687 12211180369482
3688 11407876259290
3689 10648462900827
3690 9934614056581
3691 9260500080421
3692 8627658729035
3693 8030657595921
3694 7470891016877
3695 6943848116129
3696 6450043530888
3697 5985562367803
3698 5551312162776
3699 5143403354313
3700 4762295930325
3701 4405024468380
3702 4071741147580
3703 3759683025313
3704 3469115197866
3705 3197415872893
3706 2944766746065
3707 2709118645560
3708 2490233873754
3709 2286314152245
3710 2097430566634
3711 1921752294697
3712 1759174578351
3713 1608372476222
3714 1469085079647
3715 1340072718939
3716 1221216669384
3717 1111323915890
3718 1010252573471
3719 917107746877
3720 831577222179
3721 752869358151
3722 680860692688
3723 614741850444
3724 554330404214
3725 499059804089
3726 448688617732
3727 402691423461
3728 360922115946
3729 322872649410
3730 288399289737
3731 257130789409
3732 228868861925
3733 203288884761
3734 180281964544
3735 159521427839
3736 140887750475
3737 124156711785
3738 109193540029
3739 95795403270
3740 83874493127
3741 73238214408
3742 63806011604
3743 55441395969
3744 48050816613
3745 41519066300
3746 35787430279
3747 30745199374
3748 26336075528
3749 22485527171
3750 19136395249
3751 16224791245
3752 13711931905
3753 11540009826
3754 9675473837
3755 8078980080
3756 6716715283
3757 5557263137
3758 4578362836
3759 3751672086
3760 3058234866
3761 2479571608
3762 1998603653
3763 1600573542
3764 1274072046
3765 1006752293
3766 789699171
3767 614842885
3768 474583100
3769 363002279
3770 275195488
3771 206417896
3772 153090114
3773 112287133
3774 81263558
3775 57986725
3776 40781504
3777 28192471
3778 19125847
3779 12730734
3780 8275086
3781 5243357
3782 3236409
3783 1931498
3784 1109961
3785 613687
3786 321852
3787 158483
3788 73211
3789 30758
3790 11464
3791 3764
3792 1009
3793 190
3794 21
3795 1
