1540 1
1541 19
1542 153
1543 716
1544 2382
1545 6669
1546 16597
1547 36446
1548 73740
1549 140963
1550 252497
1551 432483
1552 715652
1553 1141067
1554 1764643
1555 2669784
1556 3933551
1557 5680746
1558 8058167
1559 11236152
1560 15410887
1561 20903452
1562 27916056
1563 36905562
1564 48246481
1565 62470722
1566 79994722
1567 101839813
1568 128273573
1569 160593726
1570 199453444
1571 246337439
1572 301773238
1573 368378339
1574 446082210
1575 538357235
1576 645585103
1577 771577590
1578 916043160
1579 1085801830
1580 1278397891
1581 1502343783
1582 1755838721
1583 2048766893
1584 2376703313
1585 2755449529
1586 3175960827
1587 3658378150
1588 4193012107
1589 4802695413
1590 5472314676
1591 6237219020
1592 7071320455
1593 8017962677
1594 9048854918
1595 10214954102
1596 11474974964
1597 12901265996
1598 14433107296
1599 16160089834
1600 18013302629
1601 20094128424
1602 22311738084
1603 24808212127
1604 27454269869
1605 30419841399
1606 33560303412
1607 37073508180
1608 40771606220
1609 44913832635
1610 49252620779
1611 54100589967
1612 59175564475
1613 64831123057
1614 70718514187
1615 77297993759
1616 84115798256
1617 91712192043
1618 99578864717
1619 108334784083
1620 117358114241
1621 127416888961
1622 137737431004
1623 149229183437
1624 161012856529
1625 174110406774
1626 187475465190
1627 202373718206
1628 217519459681
1629 234367730358
1630 251481037073
1631 270510685791
1632 289760422650
1633 311202650948
1634 332806793832
1635 356865890538
1636 381083919267
1637 408019519829
1638 435029475483
1639 465150021382
1640 495249658848
1641 528775493073
1642 562238237133
1643 599518871401
1644 636601084156
1645 677977634271
1646 718978159240
1647 764749359811
1648 810059530957
1649 860596728822
1650 910461887962
1651 966208916409
1652 1021036172423
1653 1082321681404
1654 1142494179463
1655 1209793790715
1656 1275681498809
1657 1349457503757
1658 1421448013541
1659 1502155587375
1660 1580786874731
1661 1668885878132
1662 1754490804428
1663 1850619771187
1664 1943724962793
1665 2048341416532
1666 2149442130972
1667 2263130300447
1668 2372782727358
1669 2496176400638
1670 2614807831626
1671 2748558188672
1672 2876859946617
1673 3021521195238
1674 3160000809257
1675 3316407442143
1676 3465648707381
1677 3634447058943
1678 3795100218924
1679 3976983700330
1680 4149859461447
1681 4345609198469
1682 4531063394759
1683 4741698494401
1684 4940671987046
1685 5166707126002
1686 5379915093179
1687 5622401343246
1688 5850473476996
1689 6110418128377
1690 6354119230458
1691 6632191039726
1692 6892681284583
1693 7189898316088
1694 7467429035832
1695 7785277156102
1696 8080961794006
1697 8419745613833
1698 8734801820592
1699 9095914666647
1700 9430765215297
1701 9815682002303
1702 10171144102250
1703 10580460074812
1704 10958416474483
1705 11393304488175
1706 11793550852774
1707 12256170511114
1708 12680196965032
1709 13170544035149
1710 13620144848031
1711 14139857795847
1712 14614978916853
1713 15166462492115
1714 15668129474471
1715 16251533002942
1716 16782521985516
1717 17399022437712
1718 17958571538855
1719 18611657972489
1720 19201422294690
1721 19890213053558
1722 20512902838690
1723 21239551795762
1724 21894484491952
1725 22662569228129
1726 23350730844050
1727 24159374537881
1728 24885230238475
1729 25736009897435
1730 26497460528462
1731 27395370439685
1732 28194160023743
1733 29137352966446
1734 29977965527270
1735 30968776415491
1736 31849082802876
1737 32892662916827
1738 33813942107141
1739 34908372656305
1740 35877113896156
1741 37023820491053
1742 38035753163899
1743 39242575657557
1744 40299977575537
1745 41562877329581
1746 42672306427881
1747 43993657705861
1748 45151395124876
1749 46539323950161
1750 47746372331770
1751 49196521188838
1752 50462001452210
1753 51976384467677
1754 53293731748903
1755 54883269761001
1756 56254626459503
1757 57912032866998
1758 59347680149183
1759 61076032474365
1760 62569095645459
1761 64379897684690
1762 65930656019515
1763 67817003723326
1764 69439403437184
1765 71402884731727
1766 73085893461710
1767 75141496235924
1768 76888228233654
1769 79025284775111
1770 80850059440286
1771 83071423595274
1772 84962515517146
1773 87285330375018
1774 89243511808939
1775 91656153042785
1776 93700282280944
1777 96203396299338
1778 98318258849773
1779 100933734162376
1780 103121817086534
1781 105832906625653
1782 108113669031488
1783 110924301250374
1784 113281393126004
1785 116214883839028
1786 118647668824781
1787 121685297681267
1788 124221428710496
1789 127364716800416
1790 129981055600829
1791 133258871107342
1792 135956953372590
1793 139346593289981
1794 142154688705846
1795 145659450637313
1796 148552971309938
1797 152203371348416
1798 155182425719939
1799 158953436475863
1800 162054028102971
1801 165945351938358
1802 169134178161766
1803 173186624346626
1804 176466421004121
1805 180646888879605
1806 184054877730803
1807 188364705889433
1808 191868312808240
1809 196350977602452
1810 199948399043656
1811 204567187206203
1812 208304632604769
1813 213060807535673
1814 216895191229121
1815 221840734444692
1816 225773086034021
1817 230861240255984
1818 234943561813066
1819 240177538561923
1820 244364068341711
1821 249798829686729
1822 254083902007949
1823 259672967296384
1824 264120382597100
1825 269862305028266
1826 274412605278046
1827 280372822256423
1828 285029159606717
1829 291148528787739
1830 295977000633644
1831 302256124689102
1832 307193049085691
1833 313707099985325
1834 318748699857717
1835 325432898987163
1836 330658158943216
1837 337507274555118
1838 342843097158835
1839 349944662483604
1840 355391054762972
1841 362665784072603
1842 368304495402251
1843 375755439747398
1844 381508553890486
1845 389228936372484
1846 395087424645386
1847 402989774145259
1848 409059286666516
1849 417140493993768
1850 423323524727354
1851 431691398113811
1852 437983524294597
1853 446541132415186
1854 453051203273170
1855 461798223821835
1856 468422168869056
1857 477471128467615
1858 484203773249251
1859 493449499126720
1860 500418781014911
1861 509852340266238
1862 516931584748567
1863 526692648178770
1864 533880567455860
1865 543843975092864
1866 551272802047515
1867 561431068177873
1868 568976966762764
1869 579478109924774
1870 587128508544784
1871 597834161360052
1872 605742867607514
1873 616649331035932
1874 624666238677679
1875 635940529547011
1876 644058505976097
1877 655538385508058
1878 663927806583468
1879 675612196344652
1880 684114201199863
1881 696178172447309
1882 704771359162141
1883 717053719730947
1884 725933663108040
1885 738421871875041
1886 747399474973577
1887 760290762272172
1888 769365042683967
1889 782470614121885
1890 791843973134844
1891 805153289266031
1892 814623124183527
1893 828359816651741
1894 837910890413192
1895 851870469664613
1896 861732022643949
1897 875892467528587
1898 885845355077684
1899 900453328017884
1900 910489376348938
1901 925309566567493
1902 935663459176167
1903 950693873309941
1904 961134272441939
1905 976634268695375
1906 987133001603585
1907 1002848320307381
1908 1013692681860869
1909 1029608327070515
1910 1040527808589872
1911 1056930024562266
1912 1067902693018945
1913 1084522007642440
1914 1095843882160815
1915 1112668802178495
1916 1124052264415175
1917 1141380026938149
1918 1152808587414920
1919 1170349507069665
1920 1182150448807958
1921 1199878382944453
1922 1211722182730468
1923 1229988828853764
1924 1241865098055070
1925 1260342862912077
1926 1272587065474656
1927 1291247568900041
1928 1303539430336215
1929 1322750134195550
1930 1335057971296154
1931 1354466006827732
1932 1367163434762080
1933 1386753167554757
1934 1399468872416601
1935 1419641214330962
1936 1432351162093955
1937 1452708267166414
1938 1465824201106946
1939 1486353910659831
1940 1499485832955001
1941 1520599709011327
1942 1533700620622900
1943 1555007640854280
1944 1568528318174030
1945 1589998228736887
1946 1603497335573258
1947 1625575890335674
1948 1639043538979614
1949 1661293918313432
1950 1675193775469694
1951 1697584666561879
1952 1711449731266004
1953 1734480714424743
1954 1748277964897997
1955 1771479298125542
1956 1785714102427126
1957 1809035793558337
1958 1823222449877205
1959 1847200795128602
1960 1861314905218484
1961 1885427745805550
1962 1899980353846512
1963 1924220414222016
1964 1938702907722255
1965 1963621810610603
1966 1977980574292998
1967 2003025185073060
1968 2017859626975022
1969 2042997374862554
1970 2057739449616812
1971 2083562254545758
1972 2098163350744996
1973 2124105488535589
1974 2139177937409490
1975 2165208852280594
1976 2180150305601843
1977 2206879388496086
1978 2221663129876100
1979 2248489134699232
1980 2263772530385804
1981 2290642910718489
1982 2305759399001197
1983 2333367559840234
1984 2348297813204875
1985 2375986732665905
1986 2391397834989316
1987 2419112462103784
1988 2434361074732990
1989 2462813599345547
1990 2477845352878975
1991 2506341417671100
1992 2521872070712614
1993 2550384998102667
1994 2565702563828097
1995 2594990926396297
1996 2610046506572625
1997 2639343320797079
1998 2654923109607282
1999 2684206139856382
2000 2699563298843691
2001 2729603662654639
2002 2744660475783639
2003 2774714108928946
2004 2790298686544342
2005 2820318879913645
2006 2835614826253159
2007 2866412005702119
2008 2881406908859449
2009 2912174243828037
2010 2927709154853979
2011 2958390668642883
2012 2973615101931411
2013 3005106760195885
2014 3019974212478958
2015 3051425420750206
2016 3066826613638241
2017 3098153742720379
2018 3113224828231998
2019 3145369427301846
2020 3160072310474762
2021 3192110373861470
2022 3207344364286779
2023 3239265770224910
2024 3254129792528533
2025 3286883218909532
2026 3301307035466803
2027 3333928672501224
2028 3348929828205428
2029 3381377623684598
2030 3395984164005634
2031 3429250978955065
2032 3443385257289807
2033 3476512023899476
2034 3491207180225777
2035 3524150087347059
2036 3538389823017995
2037 3572156004079678
2038 3585909733072011
2039 3619488610715616
2040 3633838484897514
2041 3667157599115278
2042 3681006680768456
2043 3715195327210534
2044 3728519359976790
2045 3762494564228116
2046 3776372898819927
2047 3810060799124238
2048 3823444783452086
2049 3857985659129943
2050 3870814391953615
2051 3905082386852979
2052 3918480450074397
2053 3952446459075249
2054 3965290032669963
2055 4000140194788443
2056 4012363610177816
2057 4046892075177000
2058 4059724929444699
2059 4093903876602312
2060 4106167448325997
2061 4141192426027727
2062 4152791012046455
2063 4187501326021002
2064 4199701510323370
2065 4234040558510924
2066 4245588092702262
2067 4280779485197889
2068 4291675752550929
2069 4326486334767037
2070 4338002081177924
2071 4372368184904805
2072 4383208216501984
2073 4418459672907434
2074 4428579108459740
2075 4463442801018689
2076 4474155577947330
2077 4508526839033581
2078 4518558209958511
2079 4553810156891497
2080 4563114539663057
2081 4597882469187122
2082 4607780385348278
2083 4642066940086857
2084 4651235581847145
2085 4686415110707154
2086 4694778369014137
2087 4729440590885007
2088 4738446333502077
2089 4772562206127010
2090 4780819828903665
2091 4815791874079433
2092 4823214678140890
2093 4857671941718252
2094 4865714735024594
2095 4899610922117159
2096 4906836670651445
2097 4941578744417201
2098 4947976664178565
2099 4982147459864842
2100 4989206260422632
2101 5022722781366243
2102 5028919307131658
2103 5063337781192229
2104 5068659241994812
2105 5102482593642595
2106 5108413757001044
2107 5141559440324343
2108 5146650703291219
2109 5180656194414006
2110 5184864712409000
2111 5218196242474478
2112 5223026584038838
2113 5255679523928123
2114 5259617670132495
2115 5293159899772307
2116 5296137595325681
2117 5328962444601912
2118 5332610399428372
2119 5364703662271707
2120 5367457945505998
2121 5400386308321151
2122 5402149559414795
2123 5434373483888046
2124 5436796381178260
2125 5468271751560209
2126 5469719865517279
2127 5502027116285867
2128 5502522038504049
2129 5534056031913726
2130 5535231617962721
2131 5565942985051388
2132 5566123756479629
2133 5597705226521272
2134 5596877915519230
2135 5627692229060715
2136 5627501605853619
2137 5657444085165624
2138 5656289299923529
2139 5687078548086944
2140 5684926383671250
2141 5714850331660774
2142 5713345440213916
2143 5742426171951309
2144 5739905254479653
2145 5769849213942037
2146 5766256690734781
2147 5795309865086594
2148 5792424898850149
2149 5820579546508816
2150 5816684671194755
2151 5845639590547018
2152 5840664648132235
2153 5868745370268928
2154 5864454179295095
2155 5891639090089400
2156 5886278162716357
2157 5914249431311248
2158 5907840493774972
2159 5934891599825222
2160 5929202445645354
2161 5955269953353661
2162 5948492571832983
2163 5975407627968599
2164 5967545133923135
2165 5993527369510328
2166 5986340037948580
2167 6011319777739654
2168 6003089576398656
2169 6028870827298203
2170 6019584068146502
2171 6044357388090003
2172 6035744464095871
2173 6059547823505765
2174 6049855483294864
2175 6074487247515710
2176 6063672061555587
2177 6087274973516615
2178 6077197973971855
2179 6099780483509010
2180 6088651202976531
2181 6111990631181024
2182 6099736422375190
2183 6122084124791527
2184 6110555714786801
2185 6131889733794399
2186 6119240549576962
2187 6141331687469746
2188 6127614787316686
2189 6148663138218140
2190 6135704280915708
2191 6155678511912170
2192 6141597618548324
2193 6162366293225920
2194 6147197171521768
2195 6166940727689198
2196 6152478740402618
2197 6171127294452895
2198 6155613404287202
2199 6175021412702829
2200 6158442355678605
2201 6176755064503856
2202 6160895307644946
2203 6178164702913999
2204 6161221834366245
2205 6179276762966832
2206 6161221834366245
2207 6178164702913999
2208 6160895307644946
2209 6176755064503856
2210 6158442355678605
2211 6175021412702829
2212 6155613404287202
2213 6171127294452895
2214 6152478740402618
2215 6166940727689198
2216 6147197171521768
2217 6162366293225920
2218 6141597618548324
2219 6155678511912170
2220 6135704280915708
2221 6148663138218140
2222 6127614787316686
2223 6141331687469746
2224 6119240549576962
2225 6131889733794399
2226 6110555714786801
2227 6122084124791527
2228 6099736422375190
2229 6111990631181024
2230 6088651202976531
2231 6099780483509010
2232 6077197973971855
2233 6087274973516615
2234 6063672061555587
2235 6074487247515710
2236 6049855483294864
2237 6059547823505765
2238 6035744464095871
2239 6044357388090003
2240 6019584068146502
2241 6028870827298203
2242 6003089576398656
2243 6011319777739654
2244 5986340037948580
2245 5993527369510328
2246 5967545133923135
2247 5975407627968599
2248 5948492571832983
2249 5955269953353661
2250 5929202445645354
2251 5934891599825222
2252 5907840493774972
2253 5914249431311248
2254 5886278162716357
2255 5891639090089400
2256 5864454179295095
2257 5868745370268928
2258 5840664648132235
2259 5845639590547018
2260 5816684671194755
2261 5820579546508816
2262 5792424898850149
2263 5795309865086594
2264 5766256690734781
2265 5769849213942037
2266 5739905254479653
2267 5742426171951309
2268 5713345440213916
2269 5714850331660774
2270 5684926383671250
2271 5687078548086944
2272 5656289299923529
2273 5657444085165624
2274 5627501605853619
2275 5627692229060715
2276 5596877915519230
2277 5597705226521272
2278 5566123756479629
2279 5565942985051388
2280 5535231617962721
2281 5534056031913726
2282 5502522038504049
2283 5502027116285867
2284 5469719865517279
2285 5468271751560209
2286 5436796381178260
2287 5434373483888046
2288 5402149559414795
2289 5400386308321151
2290 5367457945505998
2291 5364703662271707
2292 5332610399428372
2293 5328962444601912
2294 5296137595325681
2295 5293159899772307
2296 5259617670132495
2297 5255679523928123
2298 5223026584038838
2299 5218196242474478
2300 5184864712409000
2301 5180656194414006
2302 5146650703291219
2303 5141559440324343
2304 5108413757001044
2305 5102482593642595
2306 5068659241994812
2307 5063337781192229
2308 5028919307131658
2309 5022722781366243
2310 4989206260422632
2311 4982147459864842
2312 4947976664178565
2313 4941578744417201
2314 4906836670651445
2315 4899610922117159
2316 4865714735024594
2317 4857671941718252
2318 4823214678140890
2319 4815791874079433
2320 4780819828903665
2321 4772562206127010
2322 4738446333502077
2323 4729440590885007
2324 4694778369014137
2325 4686415110707154
2326 4651235581847145
2327 4642066940086857
2328 4607780385348278
2329 4597882469187122
2330 4563114539663057
2331 4553810156891497
2332 4518558209958511
2333 4508526839033581
2334 4474155577947330
2335 4463442801018689
2336 4428579108459740
2337 4418459672907434
2338 4383208216501984
2339 4372368184904805
2340 4338002081177924
2341 4326486334767037
2342 4291675752550929
2343 4280779485197889
2344 4245588092702262
2345 4234040558510924
2346 4199701510323370
2347 4187501326021002
2348 4152791012046455
2349 4141192426027727
2350 4106167448325997
2351 4093903876602312
2352 4059724929444699
2353 4046892075177000
2354 4012363610177816
2355 4000140194788443
2356 3965290032669963
2357 3952446459075249
2358 3918480450074397
2359 3905082386852979
2360 3870814391953615
2361 3857985659129943
2362 3823444783452086
2363 3810060799124238
2364 3776372898819927
2365 3762494564228116
2366 3728519359976790
2367 3715195327210534
2368 3681006680768456
2369 3667157599115278
2370 3633838484897514
2371 3619488610715616
2372 3585909733072011
2373 3572156004079678
2374 3538389823017995
2375 3524150087347059
2376 3491207180225777
2377 3476512023899476
2378 3443385257289807
2379 3429250978955065
2380 3395984164005634
2381 3381377623684598
2382 3348929828205428
2383 3333928672501224
2384 3301307035466803
2385 3286883218909532
2386 3254129792528533
2387 3239265770224910
2388 3207344364286779
2389 3192110373861470
2390 3160072310474762
2391 3145369427301846
2392 3113224828231998
2393 3098153742720379
2394 3066826613638241
2395 3051425420750206
2396 3019974212478958
2397 3005106760195885
2398 2973615101931411
2399 2958390668642883
2400 2927709154853979
2401 2912174243828037
2402 2881406908859449
2403 2866412005702119
2404 2835614826253159
2405 2820318879913645
2406 2790298686544342
2407 2774714108928946
2408 2744660475783639
2409 2729603662654639
2410 2699563298843691
2411 2684206139856382
2412 2654923109607282
2413 2639343320797079
2414 2610046506572625
2415 2594990926396297
2416 2565702563828097
2417 2550384998102667
2418 2521872070712614
2419 2506341417671100
2420 2477845352878975
2421 2462813599345547
2422 2434361074732990
2423 2419112462103784
2424 2391397834989316
2425 2375986732665905
2426 2348297813204875
2427 2333367559840234
2428 2305759399001197
2429 2290642910718489
2430 2263772530385804
2431 2248489134699232
2432 2221663129876100
2433 2206879388496086
2434 2180150305601843
2435 2165208852280594
2436 2139177937409490
2437 2124105488535589
2438 2098163350744996
2439 2083562254545758
2440 2057739449616812
2441 2042997374862554
2442 2017859626975022
2443 2003025185073060
2444 1977980574292998
2445 1963621810610603
2446 1938702907722255
2447 1924220414222016
2448 1899980353846512
2449 1885427745805550
2450 1861314905218484
2451 1847200795128602
2452 1823222449877205
2453 1809035793558337
2454 1785714102427126
2455 1771479298125542
2456 1748277964897997
2457 1734480714424743
2458 1711449731266004
2459 1697584666561879
2460 1675193775469694
2461 1661293918313432
2462 1639043538979614
2463 1625575890335674
2464 1603497335573258
2465 1589998228736887
2466 1568528318174030
2467 1555007640854280
2468 1533700620622900
2469 1520599709011327
2470 1499485832955001
2471 1486353910659831
2472 1465824201106946
2473 1452708267166414
2474 1432351162093955
2475 1419641214330962
2476 1399468872416601
2477 1386753167554757
2478 1367163434762080
2479 1354466006827732
2480 1335057971296154
2481 1322750134195550
2482 1303539430336215
2483 1291247568900041
2484 1272587065474656
2485 1260342862912077
2486 1241865098055070
2487 1229988828853764
2488 1211722182730468
2489 1199878382944453
2490 1182150448807958
2491 1170349507069665
2492 1152808587414920
2493 1141380026938149
2494 1124052264415175
2495 1112668802178495
2496 1095843882160815
2497 1084522007642440
2498 1067902693018945
2499 1056930024562266
2500 1040527808589872
2501 1029608327070515
2502 1013692681860869
2503 1002848320307381
2504 987133001603585
2505 976634268695375
2506 961134272441939
2507 950693873309941
2508 935663459176167
2509 925309566567493
2510 910489376348938
2511 900453328017884
2512 885845355077684
2513 875892467528587
2514 861732022643949
2515 851870469664613
2516 837910890413192
2517 828359816651741
2518 814623124183527
2519 805153289266031
2520 791843973134844
2521 782470614121885
2522 769365042683967
2523 760290762272172
2524 747399474973577
2525 738421871875041
2526 725933663108040
2527 717053719730947
2528 704771359162141
2529 696178172447309
2530 684114201199863
2531 675612196344652
2532 663927806583468
2533 655538385508058
2534 644058505976097
2535 635940529547011
2536 624666238677679
2537 616649331035932
2538 605742867607514
2539 597834161360052
2540 587128508544784
2541 579478109924774
2542 568976966762764
2543 561431068177873
2544 551272802047515
2545 543843975092864
2546 533880567455860
2547 526692648178770
2548 516931584748567
2549 509852340266238
2550 500418781014911
2551 493449499126720
2552 484203773249251
2553 477471128467615
2554 468422168869056
2555 461798223821835
2556 453051203273170
2557 446541132415186
2558 437983524294597
2559 431691398113811
2560 423323524727354
2561 417140493993768
2562 409059286666516
2563 402989774145259
2564 395087424645386
2565 389228936372484
2566 381508553890486
2567 375755439747398
2568 368304495402251
2569 362665784072603
2570 355391054762972
2571 349944662483604
2572 342843097158835
2573 337507274555118
2574 330658158943216
2575 325432898987163
2576 318748699857717
2577 313707099985325
2578 307193049085691
2579 302256124689102
2580 295977000633644
2581 291148528787739
2582 285029159606717
2583 280372822256423
2584 274412605278046
2585 269862305028266
2586 264120382597100
2587 259672967296384
2588 254083902007949
2589 249798829686729
2590 244364068341711
2591 240177538561923
2592 234943561813066
2593 230861240255984
2594 225773086034021
2595 221840734444692
2596 216895191229121
2597 213060807535673
2598 208304632604769
2599 204567187206203
2600 199948399043656
2601 196350977602452
2602 191868312808240
2603 188364705889433
2604 184054877730803
2605 180646888879605
2606 176466421004121
2607 173186624346626
2608 169134178161766
2609 165945351938358
2610 162054028102971
2611 158953436475863
2612 155182425719939
2613 152203371348416
2614 148552971309938
2615 145659450637313
2616 142154688705846
2617 139346593289981
2618 135956953372590
2619 133258871107342
2620 129981055600829
2621 127364716800416
2622 124221428710496
2623 121685297681267
2624 118647668824781
2625 116214883839028
2626 113281393126004
2627 110924301250374
2628 108113669031488
2629 105832906625653
2630 103121817086534
2631 100933734162376
2632 98318258849773
2633 96203396299338
2634 93700282280944
2635 91656153042785
2636 89243511808939
2637 87285330375018
2638 84962515517146
2639 83071423595274
2640 80850059440286
2641 79025284775111
2642 76888228233654
2643 75141496235924
2644 73085893461710
2645 71402884731727
2646 69439403437184
2647 67817003723326
2648 65930656019515
2649 64379897684690
2650 62569095645459
2651 61076032474365
2652 59347680149183
2653 57912032866998
2654 56254626459503
2655 54883269761001
2656 53293731748903
2657 51976384467677
2658 50462001452210
2659 49196521188838
2660 47746372331770
2661 46539323950161
2662 45151395124876
2663 43993657705861
2664 42672306427881
2665 41562877329581
2666 40299977575537
2667 39242575657557
2668 38035753163899
2669 37023820491053
2670 35877113896156
2671 34908372656305
2672 33813942107141
2673 32892662916827
2674 31849082802876
2675 30968776415491
2676 29977965527270
2677 29137352966446
2678 28194160023743
2679 27395370439685
2680 26497460528462
2681 25736009897435
2682 24885230238475
2683 24159374537881
2684 23350730844050
2685 22662569228129
2686 21894484491952
2687 21239551795762
2688 20512902838690
2689 19890213053558
2690 19201422294690
2691 18611657972489
2692 17958571538855
2693 17399022437712
2694 16782521985516
2695 16251533002942
2696 15668129474471
2697 15166462492115
2698 14614978916853
2699 14139857795847
2700 13620144848031
2701 13170544035149
2702 12680196965032
2703 12256170511114
2704 11793550852774
2705 11393304488175
2706 10958416474483
2707 10580460074812
2708 10171144102250
2709 9815682002303
2710 9430765215297
2711 9095914666647
2712 8734801820592
2713 8419745613833
2714 8080961794006
2715 7785277156102
2716 7467429035832
2717 7189898316088
2718 6892681284583
2719 6632191039726
2720 6354119230458
2721 6110418128377
2722 5850473476996
2723 5622401343246
2724 5379915093179
2725 5166707126002
2726 4940671987046
2727 4741698494401
2728 4531063394759
2729 4345609198469
2730 4149859461447
2731 3976983700330
2732 3795100218924
2733 3634447058943
2734 3465648707381
2735 3316407442143
2736 3160000809257
2737 3021521195238
2738 2876859946617
2739 2748558188672
2740 2614807831626
2741 2496176400638
2742 2372782727358
2743 2263130300447
2744 2149442130972
2745 2048341416532
2746 1943724962793
2747 1850619771187
2748 1754490804428
2749 1668885878132
2750 1580786874731
2751 1502155587375
2752 1421448013541
2753 1349457503757
2754 1275681498809
2755 1209793790715
2756 1142494179463
2757 1082321681404
2758 1021036172423
2759 966208916409
2760 910461887962
2761 860596728822
2762 810059530957
2763 764749359811
2764 718978159240
2765 677977634271
2766 636601084156
2767 599518871401
2768 562238237133
2769 528775493073
2770 495249658848
2771 465150021382
2772 435029475483
2773 408019519829
2774 381083919267
2775 356865890538
2776 332806793832
2777 311202650948
2778 289760422650
2779 270510685791
2780 251481037073
2781 234367730358
2782 217519459681
2783 202373718206
2784 187475465190
2785 174110406774
2786 161012856529
2787 149229183437
2788 137737431004
2789 127416888961
2790 117358114241
2791 108334784083
2792 99578864717
2793 91712192043
2794 84115798256
2795 77297993759
2796 70718514187
2797 64831123057
2798 59175564475
2799 54100589967
2800 49252620779
2801 44913832635
2802 40771606220
2803 37073508180
2804 33560303412
2805 30419841399
2806 27454269869
2807 24808212127
2808 22311738084
2809 20094128424
2810 18013302629
2811 16160089834
2812 14433107296
2813 12901265996
2814 11474974964
2815 10214954102
2816 9048854918
2817 8017962677
2818 7071320455
2819 6237219020
2820 5472314676
2821 4802695413
2822 4193012107
2823 3658378150
2824 3175960827
2825 2755449529
2826 2376703313
2827 2048766893
2828 1755838721
2829 1502343783
2830 1278397891
2831 1085801830
2832 916043160
2833 771577590
2834 645585103
2835 538357235
2836 446082210
2837 368378339
2838 301773238
2839 246337439
2840 199453444
2841 160593726
2842 128273573
2843 101839813
2844 79994722
2845 62470722
2846 48246481
2847 36905562
2848 27916056
2849 20903452
2850 15410887
2851 11236152
2852 8058167
2853 5680746
2854 3933551
2855 2669784
2856 1764643
2857 1141067
2858 715652
2859 432483
2860 252497
2861 140963
2862 73740
2863 36446
2864 16597
2865 6669
2866 2382
2867 716
2868 153
2869 19
2870 1
