286 1
287 10
288 36
289 74
290 156
291 288
292 409
293 644
294 930
295 1246
296 1636
297 2238
298 2714
299 3476
300 4198
301 5052
302 6027
303 7306
304 8207
305 9816
306 11384
307 12804
308 14193
309 16752
310 18079
311 20868
312 22580
313 25386
314 27333
315 31112
316 32448
317 36592
318 39140
319 43106
320 44778
321 50528
322 51964
323 57442
324 59348
325 65128
326 67870
327 74598
328 75264
329 82944
330 86123
331 93058
332 94220
333 103862
334 105313
335 114196
336 116213
337 125332
338 127623
339 138470
340 138317
341 150734
342 152353
343 162940
344 163331
345 176900
346 178020
347 190498
348 190152
349 203754
350 204867
351 220252
352 217045
353 232916
354 233434
355 248128
356 245488
357 262886
358 260963
359 277202
360 272844
361 292598
362 288389
363 306736
364 299406
365 319584
366 314926
367 333234
368 324357
369 345816
370 338295
371 360090
372 346910
373 369960
374 361215
375 381662
376 369447
377 391392
378 379327
379 402126
380 385304
381 411086
382 396552
383 418090
384 398919
385 425844
386 409927
387 429832
388 410407
389 435898
390 416495
391 440086
392 416895
393 440380
394 421188
395 442248
396 420480
397 442248
398 421188
399 440380
400 416895
401 440086
402 416495
403 435898
404 410407
405 429832
406 409927
407 425844
408 398919
409 418090
410 396552
411 411086
412 385304
413 402126
414 379327
415 391392
416 369447
417 381662
418 361215
419 369960
420 346910
421 360090
422 338295
423 345816
424 324357
425 333234
426 314926
427 319584
428 299406
429 306736
430 288389
431 292598
432 272844
433 277202
434 260963
435 262886
436 245488
437 248128
438 233434
439 232916
440 217045
441 220252
442 204867
443 203754
444 190152
445 190498
446 178020
447 176900
448 163331
449 162940
450 152353
451 150734
452 138317
453 138470
454 127623
455 125332
456 116213
457 114196
458 105313
459 103862
460 94220
461 93058
462 86123
463 82944
464 75264
465 74598
466 67870
467 65128
468 59348
469 57442
470 51964
471 50528
472 44778
473 43106
474 39140
475 36592
476 32448
477 31112
478 27333
479 25386
480 22580
481 20868
482 18079
483 16752
484 14193
485 12804
486 11384
487 9816
488 8207
489 7306
490 6027
491 5052
492 4198
493 3476
494 2714
495 2238
496 1636
497 1246
498 930
499 644
500 409
501 288
502 156
503 74
504 36
505 10
506 1
