455 1
456 12
457 55
458 142
459 317
460 670
461 1127
462 1844
463 2951
464 4310
465 6088
466 8708
467 11587
468 15418
469 20016
470 25570
471 31667
472 40242
473 48025
474 59284
475 71102
476 85026
477 98320
478 118542
479 134958
480 158040
481 180310
482 208308
483 233236
484 269916
485 297048
486 339972
487 375937
488 424608
489 462228
490 524942
491 566979
492 633746
493 686047
494 761310
495 817107
496 909744
497 964800
498 1065992
499 1138521
500 1245730
501 1315174
502 1447024
503 1522702
504 1659552
505 1747046
506 1896492
507 1986407
508 2162212
509 2245621
510 2432194
511 2543828
512 2734866
513 2835400
514 3068180
515 3170585
516 3408592
517 3525861
518 3783196
519 3899774
520 4192938
521 4299258
522 4601094
523 4745784
524 5055532
525 5174632
526 5545970
527 5670088
528 6038506
529 6178310
530 6571596
531 6716042
532 7147558
533 7271677
534 7721884
535 7885235
536 8347042
537 8470600
538 9005120
539 9138310
540 9663102
541 9812493
542 10365234
543 10513307
544 11113646
545 11225392
546 11857744
547 12012468
548 12646038
549 12754458
550 13463796
551 13591198
552 14278576
553 14405617
554 15142336
555 15259324
556 16048214
557 16105588
558 16923958
559 17044118
560 17841050
561 17903636
562 18787058
563 18865804
564 19721254
565 19775610
566 20702900
567 20735025
568 21691788
569 21664773
570 22651060
571 22689798
572 23657946
573 23606072
574 24659546
575 24622080
576 25656300
577 25566045
578 26655856
579 26571587
580 27668176
581 27518320
582 28640222
583 28543471
584 29643286
585 29443599
586 30642576
587 30443509
588 31602636
589 31333301
590 32564446
591 32319917
592 33500618
593 33174681
594 34415424
595 34109507
596 35342166
597 34909036
598 36237988
599 35822933
600 37056530
601 36584269
602 37873230
603 37432685
604 38680992
605 38114667
606 39450896
607 38887382
608 40181032
609 39504908
610 40854118
611 40263517
612 41495420
613 40769221
614 42111970
615 41404913
616 42672592
617 41853652
618 43194552
619 42396485
620 43667268
621 42778281
622 44063462
623 43233261
624 44466370
625 43461804
626 44788938
627 43834189
628 45048558
629 43998971
630 45259500
631 44258181
632 45412672
633 44326704
634 45515922
635 44472111
636 45598614
637 44405142
638 45598614
639 44472111
640 45515922
641 44326704
642 45412672
643 44258181
644 45259500
645 43998971
646 45048558
647 43834189
648 44788938
649 43461804
650 44466370
651 43233261
652 44063462
653 42778281
654 43667268
655 42396485
656 43194552
657 41853652
658 42672592
659 41404913
660 42111970
661 40769221
662 41495420
663 40263517
664 40854118
665 39504908
666 40181032
667 38887382
668 39450896
669 38114667
670 38680992
671 37432685
672 37873230
673 36584269
674 37056530
675 35822933
676 36237988
677 34909036
678 35342166
679 34109507
680 34415424
681 33174681
682 33500618
683 32319917
684 32564446
685 31333301
686 31602636
687 30443509
688 30642576
689 29443599
690 29643286
691 28543471
692 28640222
693 27518320
694 27668176
695 26571587
696 26655856
697 25566045
698 25656300
699 24622080
700 24659546
701 23606072
702 23657946
703 22689798
704 22651060
705 21664773
706 21691788
707 20735025
708 20702900
709 19775610
710 19721254
711 18865804
712 18787058
713 17903636
714 17841050
715 17044118
716 16923958
717 16105588
718 16048214
719 15259324
720 15142336
721 14405617
722 14278576
723 13591198
724 13463796
725 12754458
726 12646038
727 12012468
728 11857744
729 11225392
730 11113646
731 10513307
732 10365234
733 9812493
734 9663102
735 9138310
736 9005120
737 8470600
738 8347042
739 7885235
740 7721884
741 7271677
742 7147558
743 6716042
744 6571596
745 6178310
746 6038506
747 5670088
748 5545970
749 5174632
750 5055532
751 4745784
752 4601094
753 4299258
754 4192938
755 3899774
756 3783196
757 3525861
758 3408592
759 3170585
760 3068180
761 2835400
762 2734866
763 2543828
764 2432194
765 2245621
766 2162212
767 1986407
768 1896492
769 1747046
770 1659552
771 1522702
772 1447024
773 1315174
774 1245730
775 1138521
776 1065992
777 964800
778 909744
779 817107
780 761310
781 686047
782 633746
783 566979
784 524942
785 462228
786 424608
787 375937
788 339972
789 297048
790 269916
791 233236
792 208308
793 180310
794 158040
795 134958
796 118542
797 98320
798 85026
799 71102
800 59284
801 48025
802 40242
803 31667
804 25570
805 20016
806 15418
807 11587
808 8708
809 6088
810 4310
811 2951
812 1844
813 1127
814 670
815 317
816 142
817 55
818 12
819 1
