120 1
121 7
122 15
123 22
124 47
125 54
126 70
127 94
128 129
129 124
130 178
131 183
132 237
133 238
134 276
135 264
136 379
137 349
138 380
139 400
140 517
141 394
142 542
143 492
144 640
145 557
146 666
147 595
148 776
149 684
150 786
151 718
152 922
153 745
154 917
155 781
156 982
157 826
158 950
159 844
160 1066
161 845
162 936
163 845
164 1066
165 844
166 950
167 826
168 982
169 781
170 917
171 745
172 922
173 718
174 786
175 684
176 776
177 595
178 666
179 557
180 640
181 492
182 542
183 394
184 517
185 400
186 380
187 349
188 379
189 264
190 276
191 238
192 237
193 183
194 178
195 124
196 129
197 94
198 70
199 54
200 47
201 22
202 15
203 7
204 1
