2925 1
2926 24
2927 253
2928 1586
2929 6932
2930 23990
2931 71606
2932 189814
2933 454046
2934 1005860
2935 2090185
2936 4097396
2937 7668585
2938 13789036
2939 23894754
2940 40135086
2941 65591963
2942 104455894
2943 162649588
2944 248179660
2945 371521430
2946 546751962
2947 792302977
2948 1131247766
2949 1594001805
2950 2218544958
2951 3051937436
2952 4153381174
2953 5597187518
2954 7469907830
2955 9883200569
2956 12967592846
2957 16881729321
2958 21812574264
2959 27993712483
2960 35679203158
2961 45198670990
2962 56910624256
2963 71257103416
2964 88725562282
2965 109934975496
2966 135506597546
2967 166279178172
2968 203093574380
2969 247026134661
2970 299162422878
2971 360965540929
2972 433759342710
2973 519459286625
2974 619780141974
2975 737116708742
2976 873616850292
2977 1032436366171
2978 1216067627094
2979 1428563290678
2980 1673074415366
2981 1954536399338
2982 2276732944916
2983 2646069565241
2984 3066792660090
2985 3546938525170
2986 4091674204920
2987 4710674184347
2988 5410017876592
2989 6201978028856
2990 7092986709828
2991 8098299576005
2992 9225641124176
2993 10493040118050
2994 11909139977808
2995 13496614744178
2996 15264239741818
2997 17239682829102
2998 19432936601324
2999 21876617036604
3000 24581625978216
3001 27588212801500
3002 30906107458342
3003 34584245743487
3004 38633538730680
3005 43110855202504
3006 48026669543578
3007 53450874613193
3008 59391038991998
3009 65930789795457
3010 73076871262416
3011 80926744066076
3012 89484992839612
3013 98869339841624
3014 109076426108492
3015 120246926575556
3016 132374408503054
3017 145620970868303
3018 159971976953808
3019 175622863561226
3020 192544999112496
3021 210968593380304
3022 230853676170932
3023 252466655936398
3024 275752561578824
3025 301027263980699
3026 328207343768920
3027 357664708993527
3028 389295709395502
3029 423526667971558
3030 460220532479356
3031 499882309065918
3032 542330745165050
3033 588152032690417
3034 637121129255264
3035 689912963627225
3036 746249996718664
3037 806919039698834
3038 871563350338152
3039 941097047043127
3040 1015094927087708
3041 1094599830863394
3042 1179088489913726
3043 1269775705072155
3044 1366024924632662
3045 1469227950196775
3046 1578623142840420
3047 1695804811031545
3048 1819868002298098
3049 1952644065884591
3050 2093039662517604
3051 2243155250146140
3052 2401716191028724
3053 2571105990505991
3054 2749808549793408
3055 2940559993592300
3056 3141589517824968
3057 3355994254288020
3058 3581699569359222
3059 3822236462418103
3060 4075194063156650
3061 4344573868379477
3062 4627563717141084
3063 4928697775475697
3064 5244748897432774
3065 5580836671825210
3066 5933202207097588
3067 6307647513527862
3068 6699890706408180
3069 7116430744413359
3070 7552328954786268
3071 8014955844297594
3072 8498660502344658
3073 9011694489199283
3074 9547623185483450
3075 10115698321371458
3076 10708620716046534
3077 11336786761779390
3078 11991816540703796
3079 12685364610714557
3080 13408059691759664
3081 14172829782827653
3082 14968995726581880
3083 15811139231622885
3084 16687188934647812
3085 17613303824222174
3086 18575973982399242
3087 19593147146266670
3088 20649635473244874
3089 21765520186951812
3090 22923565381157138
3091 24146064410163491
3092 25414011638373918
3093 26751914166969499
3094 28138333185196832
3095 29600778684100016
3096 31115239283261742
3097 32711932351279409
3098 34364335296493412
3099 36105740397869454
3100 37906566554245530
3101 39803899967174078
3102 41764482927171476
3103 43829121192039240
3104 45961569251080346
3105 48206342081590891
3106 50522883550555400
3107 52960940212880969
3108 55475414732189922
3109 58120547637791885
3110 60847070749728924
3111 63714294700297902
3112 66667645177470812
3113 69772897048919014
3114 72969187073403482
3115 76328346429325018
3116 79784662202654006
3117 83415959756551980
3118 87149189376986474
3119 91070988576676069
3120 95100654223807866
3121 99332005579821949
3122 103677686659591084
3123 108239563417055247
3124 112921474497701690
3125 117835958047419833
3126 122876474310325946
3127 128165108390447249
3128 133587699423097610
3129 139275749918762105
3130 145103121009402294
3131 151215633684084722
3132 157474710262229046
3133 164037257678104036
3134 170754503203147572
3135 177795780169660784
3136 184998164997894396
3137 192548076046988503
3138 200265963444561008
3139 208352920420004804
3140 216617881642226174
3141 225276251760753471
3142 234118041505785476
3143 243381165547785106
3144 252836137824693150
3145 262737575757240312
3146 272840784039223506
3147 283419058491619540
3148 294205562662063820
3149 305500274917600935
3150 317010591921000352
3151 329058382631978461
3152 341334162767824680
3153 354180868419691269
3154 367260080207196814
3155 380949306880528865
3156 394880308198535848
3157 409455128982191569
3158 424283356625866120
3159 439794524489775115
3160 455564644982360100
3161 472063761501988707
3162 488829009162311948
3163 506362144824058410
3164 524176367212886130
3165 542803865429314415
3166 561714551681492644
3167 581492453936282828
3168 601562843977825298
3169 622545139292715872
3170 643833272316365690
3171 666086024893657161
3172 688647662319972110
3173 712236859341458333
3174 736140792726341678
3175 761123276538151507
3176 786438229083314046
3177 812892452258087624
3178 839676319543304382
3179 867672959924469668
3180 896007644262370828
3181 925613230750271498
3182 955571757731842554
3183 986870994072840922
3184 1018521366978667100
3185 1051597659851977466
3186 1085027983412849446
3187 1119950066651128872
3188 1155246522432461586
3189 1192114946003775947
3190 1229346914136967152
3191 1268249841256049585
3192 1307522297787469626
3193 1348539830629781479
3194 1389943041258862880
3195 1433182961998110413
3196 1476798589713902648
3197 1522365045249581858
3198 1568304428260017664
3199 1616278409148637848
3200 1664648652476318846
3201 1715158219655580685
3202 1766040738155483718
3203 1819193988092106294
3204 1872721668436566810
3205 1928613694005661658
3206 1984897135074574246
3207 2043663912565509076
3208 2102798843681189164
3209 2164568338468060748
3210 2226694753137023432
3211 2291560917655410037
3212 2356810534386589070
3213 2424934484573665607
3214 2493400148644834150
3215 2564913468539528168
3216 2636762662067425868
3217 2711776234045968838
3218 2787142250573352254
3219 2865825609122954464
3220 2944819124460486096
3221 3027328539074658848
3222 3110124422311796416
3223 3196565659810861822
3224 3283323393598546054
3225 3373898577677842146
3226 3464722294694786802
3227 3559589969566130706
3228 3654688411108535766
3229 3753974527094054235
3230 3853507456565018910
3231 3957422862823644946
3232 4061515895664121882
3233 4170248632891011470
3234 4279117693573250304
3235 4392784864251763914
3236 4506622322145315996
3237 4625475973451835806
3238 4744394388225502170
3239 4868622497465463695
3240 4992881751621900704
3241 5122625516930125617
3242 5252415372846554680
3243 5387934226543229122
3244 5523392840531716758
3245 5664912296250993229
3246 5806306284717460852
3247 5953952739445936798
3248 6101510592292721874
3249 6255595008868290820
3250 6409435891640319098
3251 6570180505001997413
3252 6730626377868957216
3253 6898184430404992220
3254 7065456976392841992
3255 7240147675445666539
3256 7414396659710716956
3257 7596488580710996250
3258 7778039555211425520
3259 7967662730858316456
3260 8156786920444788816
3261 8354325209210157776
3262 8551144179021889294
3263 8756855865459040284
3264 8961764374785682018
3265 9175813230430580921
3266 9389069992255665070
3267 9611847378627712711
3268 9833607992148026158
3269 10065428766331569024
3270 10296091498686931054
3271 10537085748435828215
3272 10776970342542652120
3273 11027606859750070668
3274 11276828364200518834
3275 11537407606009968333
3276 11796450675034531050
3277 12067142742938013390
3278 12336303952887771488
3279 12617583240846936061
3280 12897020845397804634
3281 13189257061544833665
3282 13479456793759602908
3283 13782769109754319814
3284 14084101819670123328
3285 14399063895003461734
3286 14711631892591962406
3287 15038590787524293666
3288 15362982986598647824
3289 15702105064550339438
3290 16038662133203364142
3291 16390524142502181505
3292 16739400277864657038
3293 17104429054235900690
3294 17466209853414471262
3295 17844506688351913645
3296 18219623865250874658
3297 18611888158981944286
3298 19000415315390957576
3299 19407040369034182332
3300 19809694840649351980
3301 20230837695649053994
3302 20648008684620990586
3303 21084362948499779753
3304 21516185392716700328
3305 21968245698081872032
3306 22415428684555723948
3307 22883265729850272199
3308 23346302815816612668
3309 23830760135514070645
3310 24309686082980501398
3311 24811211405703955912
3312 25306897111624168356
3313 25825620471558358181
3314 26338500482218162686
3315 26875259263143846030
3316 27405441664363433792
3317 27960806721799509967
3318 28509139831015064828
3319 29083127331329577637
3320 29650179003181949046
3321 30243809497537609605
3322 30829557764732174482
3323 31443330180835153560
3324 32048820769808094082
3325 32682828536939848574
3326 33308550347393043108
3327 33963801810958952575
3328 34609811136054653952
3329 35286952283427746519
3330 35954269666420308166
3331 36653248220632221973
3332 37342524052287946526
3333 38064560536029477630
3334 38775684410886499738
3335 39521339016457130512
3336 40255571308657790312
3337 41024883449121048606
3338 41782760710587313678
3339 42576929364972438258
3340 43358443300086413928
3341 44178205857496578568
3342 44984580481515296328
3343 45829779131575374513
3344 46661744377312206714
3345 47533845607739578860
3346 48391183125554939364
3347 49290812861181068979
3348 50175024228052679778
3349 51102131686719009969
3350 52013812236207642278
3351 52969831722740672206
3352 53908885732676896768
3353 54894640902349428671
3354 55862517199468406144
3355 56877724058590805336
3356 57875250068467538208
3357 58921664569960928216
3358 59948466941848592348
3359 61026769522938561130
3360 62084645354061513150
3361 63194678065225126808
3362 64284285179064347280
3363 65427741119547078492
3364 66548849721421441344
3365 67726660075153132301
3366 68880997349087640126
3367 70092715752984911263
3368 71281197710993686570
3369 72528901396004208674
3370 73750972277516035162
3371 75035411506191735352
3372 76293216474371393510
3373 77614074439468973258
3374 78908315534286676208
3375 80267603377438322957
3376 81597896265981421616
3377 82996662694223739708
3378 84365037717779989692
3379 85802610339212189379
3380 87210097371600830648
3381 88688945606520699712
3382 90134761259106072532
3383 91655685510629253865
3384 93142356626583410308
3385 94704856998671897031
3386 96233148695873940128
3387 97839609299433059874
3388 99408916312281584076
3389 101060487634347961756
3390 102673214670874604042
3391 104368964546751833608
3392 106026265206929722318
3393 107769093662178828923
3394 109469877109869168736
3395 111260654899011524208
3396 113007914657298829922
3397 114845914902874468526
3398 116640449851603225538
3399 118528457868160617607
3400 120369415123151718022
3401 122308716444896404665
3402 124198935600059773994
3403 126188248017084808684
3404 128128985638062844136
3405 130171732883666935123
3406 132161550651051038066
3407 134258677688760568125
3408 136301077626071334254
3409 138451541481308884812
3410 140547379637176712424
3411 142754459875225354931
3412 144902580129092266996
3413 147167670334275885024
3414 149371379223657367784
3415 151692807324338698321
3416 153953500784539772480
3417 156335296572029307820
3418 158651079177393505204
3419 161094220735482917459
3420 163469213326361703206
3421 165972310470883493059
3422 168407429004390593576
3423 170974287345448310224
3424 173467964816677175804
3425 176100128743820591309
3426 178656244034890904302
3427 181351574452685725159
3428 183971630468881937716
3429 186734809954157644398
3430 189416404885792089150
3431 192248477319425282980
3432 194996447173556022980
3433 197895554550852503418
3434 200710821217997744550
3435 203681416584136592764
3436 206561968141775085436
3437 209605758772704082397
3438 212556078966366904558
3439 215670318608932099477
3440 218692064546955164566
3441 221882227472547888945
3442 224972403455440315886
3443 228239544974650601439
3444 231403747540671802008
3445 234745501909626908803
3446 237984699853060416280
3447 241406260705990296803
3448 244717852279109904522
3449 248221042852186065154
3450 251610258184261624844
3451 255191670624292256902
3452 258660334507199079602
3453 262326284862878283812
3454 265870636385006955914
3455 269622233303370231378
3456 273248796330379481556
3457 277083082325841894323
3458 280792798046027528832
3459 284715740414068212109
3460 288505377799556566344
3461 292518977140422421542
3462 296394617360303969864
3463 300494622690122551951
3464 304458198892550500510
3465 308651945693634547563
3466 312698871236981713690
3467 316987523186114843616
3468 321125296425701268228
3469 325505120734103047497
3470 329734711456543511980
3471 334212626816303163422
3472 338530071616142165408
3473 343108184636524694446
3474 347520448566547023724
3475 352193601332074728551
3476 356702799542100490150
3477 361479490660681799244
3478 366079999369145176950
3479 370961349323383834849
3480 375661847143619116600
3481 380643306933680566487
3482 385444784811496790654
3483 390534253004450069702
3484 395431807925081934550
3485 400631586093705508342
3486 405633265399406018820
3487 410937154626923787397
3488 416045170513200920612
3489 421462876475135953905
3490 426670498403682248228
3491 432203174855819076832
3492 437520425227190822410
3493 443162474017780788888
3494 448590247173174572364
3495 454350768083238642156
3496 459883173819358816804
3497 465764676659227837926
3498 471410874616450622778
3499 477405859050880366424
3500 483168256370752094602
3501 489287887342545575213
3502 495158498957719036184
3503 501403830901196978930
3504 507394063520393062982
3505 513758411171664233830
3506 519869153234232368804
3507 526362969377981759788
3508 532587076303635725858
3509 539212965353783548738
3510 545560954696523245506
3511 552310045613417846870
3512 558784542681626451876
3513 565669511034736382940
3514 572260966026329132628
3515 579282861536860617044
3516 586004359021380216344
3517 593155259353004989788
3518 600007523527138980820
3519 607299256554050366389
3520 614273854719629714502
3521 621709244573629867177
3522 628818220062839222120
3523 636386700419179281424
3524 643632751381203037106
3525 651348813300695493542
3526 658720767703330835126
3527 666585458561631214313
3528 674098113494619130470
3529 682101948018608980722
3530 689755980389727447238
3531 697912459988681350598
3532 705697985074712319090
3533 714010005884175258182
3534 721940607329789328580
3535 730395841037351171116
3536 738474438137088734428
3537 747089412307285836953
3538 755302825932769066134
3539 764078385816329515364
3540 772443487953348516970
3541 781368564072439530662
3542 789885973195217031776
3543 798975739138360784045
3544 807633753130621506854
3545 816891334109584574425
3546 825705412959052302238
3547 835116524990076749145
3548 844089637933399480834
3549 853672862481773753901
3550 862789766351622921304
3551 872545898618797465757
3552 881825766834649426656
3553 891741749162111683441
3554 901184921431508619518
3555 911277981478431341612
3556 920870913993253665322
3557 931144427063529007059
3558 940904448764878158192
3559 951341717341777690706
3560 961272030428569692122
3561 971894119215020879709
3562 981977205240083755044
3563 992784610005738757745
3564 1003041951934888979488
3565 1014019617083097955089
3566 1024451441081800291468
3567 1035618863802709576795
3568 1046209347563665436442
3569 1057569934441714050734
3570 1068338684839216185854
3571 1079873283840205930255
3572 1090823769230333219164
3573 1102555919059938391418
3574 1113667831486247322974
3575 1125597928975901329947
3576 1136895545822165118684
3577 1149006328660108768783
3578 1160489473872413079104
3579 1172802673249829441385
3580 1184453236977008032306
3581 1196972519420834965929
3582 1208812641627691954562
3583 1221515877525908579704
3584 1233549017030336033196
3585 1246462719540112181273
3586 1258665761667132322912
3587 1271790210874290638544
3588 1284190198434996406660
3589 1297505407718387828876
3590 1310102001714765965218
3591 1323632420038006322971
3592 1336405000927596484220
3593 1350154272828302659760
3594 1363127431448687496686
3595 1377070425631130400839
3596 1390247903489905002130
3597 1404414421045438983527
3598 1417769692158446731672
3599 1432159543107257618335
3600 1445722983549548885280
3601 1460313478028965197235
3602 1474084565055411885988
3603 1488902803081231425220
3604 1502857840037287232420
3605 1517907735564590014175
3606 1532074308490973270890
3607 1547327464626332565956
3608 1561709246508088465272
3609 1577198680352979026930
3610 1591765755140565911532
3611 1607491109671951158544
3612 1622277501007179817514
3613 1638212757151012034267
3614 1653217370066037026588
3615 1669392841570786567768
3616 1684588947826128316664
3617 1701008868840271488846
3618 1716426954442653684952
3619 1733058962298846495914
3620 1748702976765376951634
3621 1765583962981908720352
3622 1781420299921123963190
3623 1798549296426853848067
3624 1814615549964202830632
3625 1831963308614292359407
3626 1848258127185679963402
3627 1865858473101869898058
3628 1882351422294063567582
3629 1900208480000859019085
3630 1916933573541204037552
3631 1935011086343170134842
3632 1951972609191051108178
3633 1970311222964606876132
3634 1987471109415125961240
3635 2006069611352450134731
3636 2023469725824036012570
3637 2042295363812413501483
3638 2059933636558995804502
3639 2079023594003007166961
3640 2096865991712516343218
3641 2116224702543501119768
3642 2134309090760856630276
3643 2153895582338708335632
3644 2172226099381001700770
3645 2192085544526421915658
3646 2210619784570325254178
3647 2230750710969593286988
3648 2249534651520434329128
3649 2269900026529392530360
3650 2288931262358726923052
3651 2309572350865113675513
3652 2328813007534372178294
3653 2349734079545284666627
3654 2369225643489981484778
3655 2390381118651183090177
3656 2410128074386669641810
3657 2431568008438001109026
3658 2451522711544448627732
3659 2473244822482093506271
3660 2493458220826230926646
3661 2515421365848299858034
3662 2535890715181400458358
3663 2558140003387487136497
3664 2578822695830252171840
3665 2601362725733867017625
3666 2622304705688084489252
3667 2645085005404325474209
3668 2666290530807602169368
3669 2689365801004819722820
3670 2710782170468771175808
3671 2734149786056807308120
3672 2755833287384167138980
3673 2779447113367823600737
3674 2801394052804883810298
3675 2825303886224176404900
3676 2847467163534643871674
3677 2871677996217017466089
3678 2894107678733176790050
3679 2918563123978842624228
3680 2941263848113296598088
3681 2966024226665477383142
3682 2988937892480264341478
3683 3013999555635062005544
3684 3037187522167162438548
3685 3062499584425215855954
3686 3085957747248711593044
3687 3111575075802026172943
3688 3135250888283589521936
3689 3161178188112378244052
3690 3185126767536512865710
3691 3211302011397528902626
3692 3235528402689246799370
3693 3262017177634724916054
3694 3286456839807470328392
3695 3313255108858461021237
3696 3337975474979807798156
3697 3365027319011904824464
3698 3390023134451229384624
3699 3417388052728998103347
3700 3442601638744503481734
3701 3470284768762046608797
3702 3495776704761505689588
3703 3523709238516924246722
3704 3549484227412826023478
3705 3577738103516698068079
3706 3603725450772316254174
3707 3632296225843745403947
3708 3658569079314674368068
3709 3687394728518068577493
3710 3713947350498194643952
3711 3743093050839239403732
3712 3769862373552470652690
3713 3799332872847585427399
3714 3826384417461816862218
3715 3856104527814586108514
3716 3883443473809887400692
3717 3913491893630648147585
3718 3941040182201830231526
3719 3971411204407126340668
3720 3999248808216401330870
3721 4029874728587742238427
3722 4057995477383248141806
3723 4088946668249405916127
3724 4117280891330979122668
3725 4148562516884657962291
3726 4177181844829707388418
3727 4208711965480632314656
3728 4237621147850047631410
3729 4269484743749672218384
3730 4298598855283147369528
3731 4330789744783143985288
3732 4360196017244087574228
3733 4392639589080822631707
3734 4422330413970096549196
3735 4455103381636700736766
3736 4485003068576690155924
3737 4518111142310071985210
3738 4548296790072786000040
3739 4581649938431130024803
3740 4612126800758815167246
3741 4645817518055570698895
3742 4676493447176389971768
3743 4710514099159361873299
3744 4741483026700395493318
3745 4775752670183813472598
3746 4807006442887840068526
3747 4841608550162285201984
3748 4873064081892029137884
3749 4908003857063994268239
3750 4939745039684984305406
3751 4974925000141094655671
3752 5006957646324471656334
3753 5042477129926657895846
3754 5074700464146528843528
3755 5110551291424348050377
3756 5143067282282347588190
3757 5179161966218041043862
3758 5211960869456279943654
3759 5248388841021974185168
3760 5281380862680657058256
3761 5318147903237824553635
3762 5351424061798814049160
3763 5388423714396369371973
3764 5421989333718812957874
3765 5459329262296889881126
3766 5493075619696575407160
3767 5530747121191162718646
3768 5564783474640655724324
3769 5602690989988448390995
3770 5637007008282438671810
3771 5675247404106466514671
3772 5709746409736582524380
3773 5748324856804142959600
3774 5783104117904254894568
3775 5821905970249098591319
3776 5856971417738153447368
3777 5896113053407393209029
3778 5931346493624358609800
3779 5970817497249704802089
3780 6006336974282705222742
3781 6046034570690214066080
3782 6081829249999708857636
3783 6121856732985985934186
3784 6157821435952032445372
3785 6198184634913931845822
3786 6234424462626223310076
3787 6275000242252536994735
3788 6311520464344293178062
3789 6352432998569272557593
3790 6389106771928151070698
3791 6430345096899033524225
3792 6467299736601478927542
3793 6508752319118927642307
3794 6545975090339488565218
3795 6587753212647755246608
3796 6625131465752273775048
3797 6667241645427851876219
3798 6704887199155425143816
3799 6747196150358221963505
3800 6785115018498451363348
3801 6827756348659449540252
3802 6865812779100383974732
3803 6908773589870732406085
3804 6947103028051188578566
3805 6990264024341955044361
3806 7028853239353758575332
3807 7072334133787537592036
3808 7111061251634874692390
3809 7154867822324886474194
3810 7193853084462331658958
3811 7237842906332443081995
3812 7277093121056951705886
3813 7321408145135868585346
3814 7360776929248805733694
3815 7405403679762130306294
3816 7445036363053315749718
3817 7489847643021811780961
3818 7529728887511776724792
3819 7574851524607908795371
3820 7614851507991523860792
3821 7660292126415522574746
3822 7700539838703406073480
3823 7746144997469982354227
3824 7786646530211142455962
3825 7832568259957355655944
3826 7873167756707214184702
3827 7919392155373853508792
3828 7960243634119357232892
3829 8006633702163414373056
3830 8047721240001723966440
3831 8094412773538294856421
3832 8135598359572161458064
3833 8182597149764831439091
3834 8224017193208807191606
3835 8271160184567747543540
3836 8312821666949981508558
3837 8360271338385904165456
3838 8402007025407843911854
3839 8449747244670905142693
3840 8491721678931814157158
3841 8539607140085738408564
3842 8581803987673154350082
3843 8629977938921072982590
3844 8672249035930311001240
3845 8720718177385986620515
3846 8763209195701413313768
3847 8811800613848261712056
3848 8854517764698767356204
3849 8903402978743730947478
3850 8946169064921068206884
3851 8995331432004643319859
3852 9038321931145141113062
3853 9087605725391472224533
3854 9130802000632869483384
3855 9180359970052070527471
3856 9223605381943692801500
3857 9273445223420415502541
3858 9316893059133401992660
3859 9366829957808392975491
3860 9410487391194322444004
3861 9460703887881438271772
3862 9504383727330192901412
3863 9554860869939566388122
3864 9598747812751890565310
3865 9649321117184074999070
3866 9693396128093904425710
3867 9744228041833384400886
3868 9788323817015207533518
3869 9839421192815884028260
3870 9883700829970914893396
3871 9934868603420400624332
3872 9979340367864853288084
3873 10030770390763930541877
3874 10075234802584720869362
3875 10126907670402597675826
3876 10171560902404374913494
3877 10223303424843110856220
3878 10268123979405774408524
3879 10320106417695257267215
3880 10364918201725998584532
3881 10417148499649045506750
3882 10462124604754713973106
3883 10514395308925090111886
3884 10559543161044822542656
3885 10612057590303702861166
3886 10657167299354863458794
3887 10709905748706393948661
3888 10755182915154470844250
3889 10807961141042968234560
3890 10853383981869491634726
3891 10906382427860060878159
3892 10951766004394347950128
3893 11004991562669512281516
3894 11050516986454442975872
3895 11103751663684999401782
3896 11149427591470112747310
3897 11202886540211407233808
3898 11248490463088474005376
3899 11302151431550783033957
3900 11347900682795416102758
3901 11401570515645284655246
3902 11447443030542128921150
3903 11501310113619989330058
3904 11547109852250940249264
3905 11601182397038722555052
3906 11647100775639834284738
3907 11701150252508293630780
3908 11747194970039860069826
3909 11801446051645719329247
3910 11847384049816198783528
3911 11901814321335940236702
3912 11947875018981496686806
3913 12002279954571613834239
3914 12048438656228134380962
3915 12103017036459605098957
3916 12149068739393375111754
3917 12203830144441623400196
3918 12249974381114303810302
3919 12304677406823720398007
3920 12350923239184289104176
3921 12405804528936727628658
3922 12451908462009851963666
3923 12506942899766101952916
3924 12553143970197508429002
3925 12608118123125181596841
3926 12654391600723722970146
3927 12709514750514301820849
3928 12755644152793495053372
3929 12810924854354560634013
3930 12857120184399447379234
3931 12912306494850362139301
3932 12958578438777083129098
3933 13013916635959438871182
3934 13060008657145823850572
3935 13115473428398177394423
3936 13161636792286196071466
3937 13217005778000151503331
3938 13263213064874524083688
3939 13318703613429903946633
3940 13364729556693610468132
3941 13420351718765042892817
3942 13466416921207688050202
3943 13521905665080707682580
3944 13568019704488630064944
3945 13623633431757931561257
3946 13669529474415806183560
3947 13725242981478586323687
3948 13771181805651125530722
3949 13826761150851882237944
3950 13872715378278913706182
3951 13928388454810062464112
3952 13974124076312594435990
3953 14029899900805031056018
3954 14075645532801700963788
3955 14131248660484627787538
3956 14177015499080429552198
3957 14232716603453159515001
3958 14278224684850695166002
3959 14333995808206662294628
3960 14379518228918298285924
3961 14435116824956931502888
3962 14480626347086225062652
3963 14536288017416557848360
3964 14581539229529078838646
3965 14637274597096159216915
3966 14682506754579933028406
3967 14738030284625416255658
3968 14783253549969435157600
3969 14838845204367932658745
3970 14883769391556147532054
3971 14939401428039658539256
3972 14984311833214288241964
3973 15039730190784677483227
3974 15084596997861124791936
3975 15140047927122348341741
3976 15184617247581997784764
3977 15240113114063265590888
3978 15284631894000411338906
3979 15339874113410310990003
3980 15384354304462839136828
3981 15439635074872709051580
3982 15483776717915832246504
3983 15539065500540340846350
3984 15583162965052789579978
3985 15638197360450261637641
3986 15682221100139598130670
3987 15737257883870537587441
3988 15780942802180756863300
3989 15835993266788564812990
3990 15879596813875711801638
3991 15934352505449873805476
3992 15977888642468702733890
3993 16032650605950537377413
3994 16075806576067727713492
3995 16130544719328041360549
3996 16173627045683240955208
3997 16228070850249705948234
3998 16271047212099192790622
3999 16325460771034837851835
4000 16368057964138129669298
4001 16422454503319462371328
4002 16464940578450959570032
4003 16518999034328790322285
4004 16561386751557176823076
4005 16615419947029679045581
4006 16657387214340497677812
4007 16711365493884050689883
4008 16753227454190550920720
4009 16806869338321109479187
4010 16848594313612842569574
4011 16902174159897974595935
4012 16943481170118203978704
4013 16997010996411896191198
4014 17038175065401289528638
4015 17091324536629439907368
4016 17132360646394967257696
4017 17185454432648331297186
4018 17226028085269929711654
4019 17279033735974694828756
4020 17319471786065721548196
4021 17372100203799749607405
4022 17412371647718464293748
4023 17464904046998770967817
4024 17504717248115697068684
4025 17557167716501950167840
4026 17596807755469225202686
4027 17648837196316142423088
4028 17688317747711869098786
4029 17740258873329109705055
4030 17779236863508499781286
4031 17831058040109222481168
4032 17869871766742834939066
4033 17921273163498803065739
4034 17959889044428389374826
4035 18011161682519556052324
4036 18049280978727125730250
4037 18100441298566417037820
4038 18138355646739486839328
4039 18189052591828499095228
4040 18226777797896519181912
4041 18277355337739844983132
4042 18314540015118658481852
4043 18364963791699658273105
4044 18401954019388225898654
4045 18451917465655783085666
4046 18488680563378734138016
4047 18538484300192973050958
4048 18574711319546864858762
4049 18624370422302514095964
4050 18660362604512061368136
4051 18709518149714061162897
4052 18745293781742545413486
4053 18794296989446956862672
4054 18829493198895193745626
4055 18878310683149908243907
4056 18913284314707672584632
4057 18961603083994518856650
4058 18996318983830249103760
4059 19044445542016391767244
4060 19078588429120342068872
4061 19126540110369952798132
4062 19160420689305394897890
4063 19207827280027787724196
4064 19241462523818220070242
4065 19288685892345574464996
4066 19321705739389608254282
4067 19368713564158554780501
4068 19401481527902727821496
4069 19447951189547796873322
4070 19480433194224114357130
4071 19526680216991668654259
4072 19558555310921906807834
4073 19604595823042412828271
4074 19636179999776489774190
4075 19681636674358329108115
4076 19712949393396293225934
4077 19758194178823135143171
4078 19788854770960593970062
4079 19833852908361457181297
4080 19864235063774088956502
4081 19908658395388709944117
4082 19938729278000563645350
4083 19982898283386086553036
4084 20012327687457490573562
4085 20056260896354853398248
4086 20085373658613211115140
4087 20128687438909227311815
4088 20157501638465090840008
4089 20200573721300061549019
4090 20228702489257437074844
4091 20271499358520514360113
4092 20299325992163709441492
4093 20341510738088369134255
4094 20369000084568166739348
4095 20410901459898248327361
4096 20437718367995958283810
4097 20479357498137231042137
4098 20505831114698821312024
4099 20546814569022677330036
4100 20572965637012726342012
4101 20613680523088578377856
4102 20639116525798262540606
4103 20679526720587898928740
4104 20704636210873360282632
4105 20744400213840158113499
4106 20769149554653450254360
4107 20808604206327165685586
4108 20832650087444286283034
4109 20871815082300709349912
4110 20895494424037501348066
4111 20933971126316379115083
4112 20957307177296930025066
4113 20995487387416008633708
4114 21018078770894909326364
4115 21055928065082354018400
4116 21078171904961634078976
4117 21115344773636681869167
4118 21137205137488051600758
4119 21174041780822988909778
4120 21195171522404683135970
4121 21231694374000807890276
4122 21252438011417124516798
4123 21288239737343123004855
4124 21308618996257955763480
4125 21344099627914861623099
4126 21363708671062691665438
4127 21398835440656749070999
4128 21418075519853116607296
4129 21452495638321843054067
4130 21471332539913202091064
4131 21505393109571158768454
4132 21523476553761147126738
4133 21557198445584451399324
4134 21574875779118149691934
4135 21607847844380674018717
4136 21625143571348862739030
4137 21657773438933679656493
4138 21674273804581206110132
4139 21706526437634122254773
4140 21722640048368535416706
4141 21754159848558097189618
4142 21769854554998149788606
4143 21800991119148147672429
4144 21815909851591572871926
4145 21846686593662127684847
4146 21861183197224662989532
4147 21891185639812332985982
4148 21905283052613882729954
4149 21934921817251592886577
4150 21948203419665978518340
4151 21977445338506797356418
4152 21990326501163931758194
4153 22018809683227826331665
4154 22031255983986625734054
4155 22059335957388004394093
4156 22070988457948363733410
4157 22098691448659798305390
4158 22109905665140560709094
4159 22136810350533688659970
4160 22147611924624994670726
4161 22174135202831320372759
4162 22184105197202362593434
4163 22210211846918181951430
4164 22219767768462159951902
4165 22245094309083288987982
4166 22254203721924432595242
4167 22279111166735368763374
4168 22287409405040680290986
4169 22311922383445655983241
4170 22319770457813399362710
4171 22343465978907547768216
4172 22350892151276026232266
4173 22374188483190704264145
4174 22380768063263372304872
4175 22403631956955483324338
4176 22409787945457384907166
4177 22431855179327945216819
4178 22437553222287705750908
4179 22459185370865811983770
4180 22464059920181588913358
4181 22485284331116923836252
4182 22489701082677209371792
4183 22510089359137502045918
4184 22514075082499356229380
4185 22534050674643051872177
4186 22537179808584783784808
4187 22556711578744802110900
4188 22559407726500957708696
4189 22578126798044960983643
4190 22580357844477127494938
4191 22598630205475221408300
4192 22600030633873973668968
4193 22617881925562222425146
4194 22618817209854294868448
4195 22635818760707332765924
4196 22636318175626286270776
4197 22652897738494702212071
4198 22652531482352789522126
4199 22668656049608229853573
4200 22667851817370217299156
4201 22683152775580989264612
4202 22681880864695865272006
4203 22696723452119650182170
4204 22694614493884812474522
4205 22709027126575732212637
4206 22706450315857321041402
4207 22720004698903480306631
4208 22716987465999485562858
4209 22730110714814773899268
4210 22726223811742833282492
4211 22738885223367627294935
4212 22734559907319194398560
4213 22746387718681603883158
4214 22741592348561966033222
4215 22752954735385869094749
4216 22747321150274982171950
4217 22758249016979318606335
4218 22752144985919474929468
4219 22762207033054346814448
4220 22755662657559665301052
4221 22765288850634642283854
4222 22757876193530290973858
4223 22767033975868243002198
4224 22759182526430879547312
4225 22767501766362748775540
4226 22759182526430879547312
4227 22767033975868243002198
4228 22757876193530290973858
4229 22765288850634642283854
4230 22755662657559665301052
4231 22762207033054346814448
4232 22752144985919474929468
4233 22758249016979318606335
4234 22747321150274982171950
4235 22752954735385869094749
4236 22741592348561966033222
4237 22746387718681603883158
4238 22734559907319194398560
4239 22738885223367627294935
4240 22726223811742833282492
4241 22730110714814773899268
4242 22716987465999485562858
4243 22720004698903480306631
4244 22706450315857321041402
4245 22709027126575732212637
4246 22694614493884812474522
4247 22696723452119650182170
4248 22681880864695865272006
4249 22683152775580989264612
4250 22667851817370217299156
4251 22668656049608229853573
4252 22652531482352789522126
4253 22652897738494702212071
4254 22636318175626286270776
4255 22635818760707332765924
4256 22618817209854294868448
4257 22617881925562222425146
4258 22600030633873973668968
4259 22598630205475221408300
4260 22580357844477127494938
4261 22578126798044960983643
4262 22559407726500957708696
4263 22556711578744802110900
4264 22537179808584783784808
4265 22534050674643051872177
4266 22514075082499356229380
4267 22510089359137502045918
4268 22489701082677209371792
4269 22485284331116923836252
4270 22464059920181588913358
4271 22459185370865811983770
4272 22437553222287705750908
4273 22431855179327945216819
4274 22409787945457384907166
4275 22403631956955483324338
4276 22380768063263372304872
4277 22374188483190704264145
4278 22350892151276026232266
4279 22343465978907547768216
4280 22319770457813399362710
4281 22311922383445655983241
4282 22287409405040680290986
4283 22279111166735368763374
4284 22254203721924432595242
4285 22245094309083288987982
4286 22219767768462159951902
4287 22210211846918181951430
4288 22184105197202362593434
4289 22174135202831320372759
4290 22147611924624994670726
4291 22136810350533688659970
4292 22109905665140560709094
4293 22098691448659798305390
4294 22070988457948363733410
4295 22059335957388004394093
4296 22031255983986625734054
4297 22018809683227826331665
4298 21990326501163931758194
4299 21977445338506797356418
4300 21948203419665978518340
4301 21934921817251592886577
4302 21905283052613882729954
4303 21891185639812332985982
4304 21861183197224662989532
4305 21846686593662127684847
4306 21815909851591572871926
4307 21800991119148147672429
4308 21769854554998149788606
4309 21754159848558097189618
4310 21722640048368535416706
4311 21706526437634122254773
4312 21674273804581206110132
4313 21657773438933679656493
4314 21625143571348862739030
4315 21607847844380674018717
4316 21574875779118149691934
4317 21557198445584451399324
4318 21523476553761147126738
4319 21505393109571158768454
4320 21471332539913202091064
4321 21452495638321843054067
4322 21418075519853116607296
4323 21398835440656749070999
4324 21363708671062691665438
4325 21344099627914861623099
4326 21308618996257955763480
4327 21288239737343123004855
4328 21252438011417124516798
4329 21231694374000807890276
4330 21195171522404683135970
4331 21174041780822988909778
4332 21137205137488051600758
4333 21115344773636681869167
4334 21078171904961634078976
4335 21055928065082354018400
4336 21018078770894909326364
4337 20995487387416008633708
4338 20957307177296930025066
4339 20933971126316379115083
4340 20895494424037501348066
4341 20871815082300709349912
4342 20832650087444286283034
4343 20808604206327165685586
4344 20769149554653450254360
4345 20744400213840158113499
4346 20704636210873360282632
4347 20679526720587898928740
4348 20639116525798262540606
4349 20613680523088578377856
4350 20572965637012726342012
4351 20546814569022677330036
4352 20505831114698821312024
4353 20479357498137231042137
4354 20437718367995958283810
4355 20410901459898248327361
4356 20369000084568166739348
4357 20341510738088369134255
4358 20299325992163709441492
4359 20271499358520514360113
4360 20228702489257437074844
4361 20200573721300061549019
4362 20157501638465090840008
4363 20128687438909227311815
4364 20085373658613211115140
4365 20056260896354853398248
4366 20012327687457490573562
4367 19982898283386086553036
4368 19938729278000563645350
4369 19908658395388709944117
4370 19864235063774088956502
4371 19833852908361457181297
4372 19788854770960593970062
4373 19758194178823135143171
4374 19712949393396293225934
4375 19681636674358329108115
4376 19636179999776489774190
4377 19604595823042412828271
4378 19558555310921906807834
4379 19526680216991668654259
4380 19480433194224114357130
4381 19447951189547796873322
4382 19401481527902727821496
4383 19368713564158554780501
4384 19321705739389608254282
4385 19288685892345574464996
4386 19241462523818220070242
4387 19207827280027787724196
4388 19160420689305394897890
4389 19126540110369952798132
4390 19078588429120342068872
4391 19044445542016391767244
4392 18996318983830249103760
4393 18961603083994518856650
4394 18913284314707672584632
4395 18878310683149908243907
4396 18829493198895193745626
4397 18794296989446956862672
4398 18745293781742545413486
4399 18709518149714061162897
4400 18660362604512061368136
4401 18624370422302514095964
4402 18574711319546864858762
4403 18538484300192973050958
4404 18488680563378734138016
4405 18451917465655783085666
4406 18401954019388225898654
4407 18364963791699658273105
4408 18314540015118658481852
4409 18277355337739844983132
4410 18226777797896519181912
4411 18189052591828499095228
4412 18138355646739486839328
4413 18100441298566417037820
4414 18049280978727125730250
4415 18011161682519556052324
4416 17959889044428389374826
4417 17921273163498803065739
4418 17869871766742834939066
4419 17831058040109222481168
4420 17779236863508499781286
4421 17740258873329109705055
4422 17688317747711869098786
4423 17648837196316142423088
4424 17596807755469225202686
4425 17557167716501950167840
4426 17504717248115697068684
4427 17464904046998770967817
4428 17412371647718464293748
4429 17372100203799749607405
4430 17319471786065721548196
4431 17279033735974694828756
4432 17226028085269929711654
4433 17185454432648331297186
4434 17132360646394967257696
4435 17091324536629439907368
4436 17038175065401289528638
4437 16997010996411896191198
4438 16943481170118203978704
4439 16902174159897974595935
4440 16848594313612842569574
4441 16806869338321109479187
4442 16753227454190550920720
4443 16711365493884050689883
4444 16657387214340497677812
4445 16615419947029679045581
4446 16561386751557176823076
4447 16518999034328790322285
4448 16464940578450959570032
4449 16422454503319462371328
4450 16368057964138129669298
4451 16325460771034837851835
4452 16271047212099192790622
4453 16228070850249705948234
4454 16173627045683240955208
4455 16130544719328041360549
4456 16075806576067727713492
4457 16032650605950537377413
4458 15977888642468702733890
4459 15934352505449873805476
4460 15879596813875711801638
4461 15835993266788564812990
4462 15780942802180756863300
4463 15737257883870537587441
4464 15682221100139598130670
4465 15638197360450261637641
4466 15583162965052789579978
4467 15539065500540340846350
4468 15483776717915832246504
4469 15439635074872709051580
4470 15384354304462839136828
4471 15339874113410310990003
4472 15284631894000411338906
4473 15240113114063265590888
4474 15184617247581997784764
4475 15140047927122348341741
4476 15084596997861124791936
4477 15039730190784677483227
4478 14984311833214288241964
4479 14939401428039658539256
4480 14883769391556147532054
4481 14838845204367932658745
4482 14783253549969435157600
4483 14738030284625416255658
4484 14682506754579933028406
4485 14637274597096159216915
4486 14581539229529078838646
4487 14536288017416557848360
4488 14480626347086225062652
4489 14435116824956931502888
4490 14379518228918298285924
4491 14333995808206662294628
4492 14278224684850695166002
4493 14232716603453159515001
4494 14177015499080429552198
4495 14131248660484627787538
4496 14075645532801700963788
4497 14029899900805031056018
4498 13974124076312594435990
4499 13928388454810062464112
4500 13872715378278913706182
4501 13826761150851882237944
4502 13771181805651125530722
4503 13725242981478586323687
4504 13669529474415806183560
4505 13623633431757931561257
4506 13568019704488630064944
4507 13521905665080707682580
4508 13466416921207688050202
4509 13420351718765042892817
4510 13364729556693610468132
4511 13318703613429903946633
4512 13263213064874524083688
4513 13217005778000151503331
4514 13161636792286196071466
4515 13115473428398177394423
4516 13060008657145823850572
4517 13013916635959438871182
4518 12958578438777083129098
4519 12912306494850362139301
4520 12857120184399447379234
4521 12810924854354560634013
4522 12755644152793495053372
4523 12709514750514301820849
4524 12654391600723722970146
4525 12608118123125181596841
4526 12553143970197508429002
4527 12506942899766101952916
4528 12451908462009851963666
4529 12405804528936727628658
4530 12350923239184289104176
4531 12304677406823720398007
4532 12249974381114303810302
4533 12203830144441623400196
4534 12149068739393375111754
4535 12103017036459605098957
4536 12048438656228134380962
4537 12002279954571613834239
4538 11947875018981496686806
4539 11901814321335940236702
4540 11847384049816198783528
4541 11801446051645719329247
4542 11747194970039860069826
4543 11701150252508293630780
4544 11647100775639834284738
4545 11601182397038722555052
4546 11547109852250940249264
4547 11501310113619989330058
4548 11447443030542128921150
4549 11401570515645284655246
4550 11347900682795416102758
4551 11302151431550783033957
4552 11248490463088474005376
4553 11202886540211407233808
4554 11149427591470112747310
4555 11103751663684999401782
4556 11050516986454442975872
4557 11004991562669512281516
4558 10951766004394347950128
4559 10906382427860060878159
4560 10853383981869491634726
4561 10807961141042968234560
4562 10755182915154470844250
4563 10709905748706393948661
4564 10657167299354863458794
4565 10612057590303702861166
4566 10559543161044822542656
4567 10514395308925090111886
4568 10462124604754713973106
4569 10417148499649045506750
4570 10364918201725998584532
4571 10320106417695257267215
4572 10268123979405774408524
4573 10223303424843110856220
4574 10171560902404374913494
4575 10126907670402597675826
4576 10075234802584720869362
4577 10030770390763930541877
4578 9979340367864853288084
4579 9934868603420400624332
4580 9883700829970914893396
4581 9839421192815884028260
4582 9788323817015207533518
4583 9744228041833384400886
4584 9693396128093904425710
4585 9649321117184074999070
4586 9598747812751890565310
4587 9554860869939566388122
4588 9504383727330192901412
4589 9460703887881438271772
4590 9410487391194322444004
4591 9366829957808392975491
4592 9316893059133401992660
4593 9273445223420415502541
4594 9223605381943692801500
4595 9180359970052070527471
4596 9130802000632869483384
4597 9087605725391472224533
4598 9038321931145141113062
4599 8995331432004643319859
4600 8946169064921068206884
4601 8903402978743730947478
4602 8854517764698767356204
4603 8811800613848261712056
4604 8763209195701413313768
4605 8720718177385986620515
4606 8672249035930311001240
4607 8629977938921072982590
4608 8581803987673154350082
4609 8539607140085738408564
4610 8491721678931814157158
4611 8449747244670905142693
4612 8402007025407843911854
4613 8360271338385904165456
4614 8312821666949981508558
4615 8271160184567747543540
4616 8224017193208807191606
4617 8182597149764831439091
4618 8135598359572161458064
4619 8094412773538294856421
4620 8047721240001723966440
4621 8006633702163414373056
4622 7960243634119357232892
4623 7919392155373853508792
4624 7873167756707214184702
4625 7832568259957355655944
4626 7786646530211142455962
4627 7746144997469982354227
4628 7700539838703406073480
4629 7660292126415522574746
4630 7614851507991523860792
4631 7574851524607908795371
4632 7529728887511776724792
4633 7489847643021811780961
4634 7445036363053315749718
4635 7405403679762130306294
4636 7360776929248805733694
4637 7321408145135868585346
4638 7277093121056951705886
4639 7237842906332443081995
4640 7193853084462331658958
4641 7154867822324886474194
4642 7111061251634874692390
4643 7072334133787537592036
4644 7028853239353758575332
4645 6990264024341955044361
4646 6947103028051188578566
4647 6908773589870732406085
4648 6865812779100383974732
4649 6827756348659449540252
4650 6785115018498451363348
4651 6747196150358221963505
4652 6704887199155425143816
4653 6667241645427851876219
4654 6625131465752273775048
4655 6587753212647755246608
4656 6545975090339488565218
4657 6508752319118927642307
4658 6467299736601478927542
4659 6430345096899033524225
4660 6389106771928151070698
4661 6352432998569272557593
4662 6311520464344293178062
4663 6275000242252536994735
4664 6234424462626223310076
4665 6198184634913931845822
4666 6157821435952032445372
4667 6121856732985985934186
4668 6081829249999708857636
4669 6046034570690214066080
4670 6006336974282705222742
4671 5970817497249704802089
4672 5931346493624358609800
4673 5896113053407393209029
4674 5856971417738153447368
4675 5821905970249098591319
4676 5783104117904254894568
4677 5748324856804142959600
4678 5709746409736582524380
4679 5675247404106466514671
4680 5637007008282438671810
4681 5602690989988448390995
4682 5564783474640655724324
4683 5530747121191162718646
4684 5493075619696575407160
4685 5459329262296889881126
4686 5421989333718812957874
4687 5388423714396369371973
4688 5351424061798814049160
4689 5318147903237824553635
4690 5281380862680657058256
4691 5248388841021974185168
4692 5211960869456279943654
4693 5179161966218041043862
4694 5143067282282347588190
4695 5110551291424348050377
4696 5074700464146528843528
4697 5042477129926657895846
4698 5006957646324471656334
4699 4974925000141094655671
4700 4939745039684984305406
4701 4908003857063994268239
4702 4873064081892029137884
4703 4841608550162285201984
4704 4807006442887840068526
4705 4775752670183813472598
4706 4741483026700395493318
4707 4710514099159361873299
4708 4676493447176389971768
4709 4645817518055570698895
4710 4612126800758815167246
4711 4581649938431130024803
4712 4548296790072786000040
4713 4518111142310071985210
4714 4485003068576690155924
4715 4455103381636700736766
4716 4422330413970096549196
4717 4392639589080822631707
4718 4360196017244087574228
4719 4330789744783143985288
4720 4298598855283147369528
4721 4269484743749672218384
4722 4237621147850047631410
4723 4208711965480632314656
4724 4177181844829707388418
4725 4148562516884657962291
4726 4117280891330979122668
4727 4088946668249405916127
4728 4057995477383248141806
4729 4029874728587742238427
4730 3999248808216401330870
4731 3971411204407126340668
4732 3941040182201830231526
4733 3913491893630648147585
4734 3883443473809887400692
4735 3856104527814586108514
4736 3826384417461816862218
4737 3799332872847585427399
4738 3769862373552470652690
4739 3743093050839239403732
4740 3713947350498194643952
4741 3687394728518068577493
4742 3658569079314674368068
4743 3632296225843745403947
4744 3603725450772316254174
4745 3577738103516698068079
4746 3549484227412826023478
4747 3523709238516924246722
4748 3495776704761505689588
4749 3470284768762046608797
4750 3442601638744503481734
4751 3417388052728998103347
4752 3390023134451229384624
4753 3365027319011904824464
4754 3337975474979807798156
4755 3313255108858461021237
4756 3286456839807470328392
4757 3262017177634724916054
4758 3235528402689246799370
4759 3211302011397528902626
4760 3185126767536512865710
4761 3161178188112378244052
4762 3135250888283589521936
4763 3111575075802026172943
4764 3085957747248711593044
4765 3062499584425215855954
4766 3037187522167162438548
4767 3013999555635062005544
4768 2988937892480264341478
4769 2966024226665477383142
4770 2941263848113296598088
4771 2918563123978842624228
4772 2894107678733176790050
4773 2871677996217017466089
4774 2847467163534643871674
4775 2825303886224176404900
4776 2801394052804883810298
4777 2779447113367823600737
4778 2755833287384167138980
4779 2734149786056807308120
4780 2710782170468771175808
4781 2689365801004819722820
4782 2666290530807602169368
4783 2645085005404325474209
4784 2622304705688084489252
4785 2601362725733867017625
4786 2578822695830252171840
4787 2558140003387487136497
4788 2535890715181400458358
4789 2515421365848299858034
4790 2493458220826230926646
4791 2473244822482093506271
4792 2451522711544448627732
4793 2431568008438001109026
4794 2410128074386669641810
4795 2390381118651183090177
4796 2369225643489981484778
4797 2349734079545284666627
4798 2328813007534372178294
4799 2309572350865113675513
4800 2288931262358726923052
4801 2269900026529392530360
4802 2249534651520434329128
4803 2230750710969593286988
4804 2210619784570325254178
4805 2192085544526421915658
4806 2172226099381001700770
4807 2153895582338708335632
4808 2134309090760856630276
4809 2116224702543501119768
4810 2096865991712516343218
4811 2079023594003007166961
4812 2059933636558995804502
4813 2042295363812413501483
4814 2023469725824036012570
4815 2006069611352450134731
4816 1987471109415125961240
4817 1970311222964606876132
4818 1951972609191051108178
4819 1935011086343170134842
4820 1916933573541204037552
4821 1900208480000859019085
4822 1882351422294063567582
4823 1865858473101869898058
4824 1848258127185679963402
4825 1831963308614292359407
4826 1814615549964202830632
4827 1798549296426853848067
4828 1781420299921123963190
4829 1765583962981908720352
4830 1748702976765376951634
4831 1733058962298846495914
4832 1716426954442653684952
4833 1701008868840271488846
4834 1684588947826128316664
4835 1669392841570786567768
4836 1653217370066037026588
4837 1638212757151012034267
4838 1622277501007179817514
4839 1607491109671951158544
4840 1591765755140565911532
4841 1577198680352979026930
4842 1561709246508088465272
4843 1547327464626332565956
4844 1532074308490973270890
4845 1517907735564590014175
4846 1502857840037287232420
4847 1488902803081231425220
4848 1474084565055411885988
4849 1460313478028965197235
4850 1445722983549548885280
4851 1432159543107257618335
4852 1417769692158446731672
4853 1404414421045438983527
4854 1390247903489905002130
4855 1377070425631130400839
4856 1363127431448687496686
4857 1350154272828302659760
4858 1336405000927596484220
4859 1323632420038006322971
4860 1310102001714765965218
4861 1297505407718387828876
4862 1284190198434996406660
4863 1271790210874290638544
4864 1258665761667132322912
4865 1246462719540112181273
4866 1233549017030336033196
4867 1221515877525908579704
4868 1208812641627691954562
4869 1196972519420834965929
4870 1184453236977008032306
4871 1172802673249829441385
4872 1160489473872413079104
4873 1149006328660108768783
4874 1136895545822165118684
4875 1125597928975901329947
4876 1113667831486247322974
4877 1102555919059938391418
4878 1090823769230333219164
4879 1079873283840205930255
4880 1068338684839216185854
4881 1057569934441714050734
4882 1046209347563665436442
4883 1035618863802709576795
4884 1024451441081800291468
4885 1014019617083097955089
4886 1003041951934888979488
4887 992784610005738757745
4888 981977205240083755044
4889 971894119215020879709
4890 961272030428569692122
4891 951341717341777690706
4892 940904448764878158192
4893 931144427063529007059
4894 920870913993253665322
4895 911277981478431341612
4896 901184921431508619518
4897 891741749162111683441
4898 881825766834649426656
4899 872545898618797465757
4900 862789766351622921304
4901 853672862481773753901
4902 844089637933399480834
4903 835116524990076749145
4904 825705412959052302238
4905 816891334109584574425
4906 807633753130621506854
4907 798975739138360784045
4908 789885973195217031776
4909 781368564072439530662
4910 772443487953348516970
4911 764078385816329515364
4912 755302825932769066134
4913 747089412307285836953
4914 738474438137088734428
4915 730395841037351171116
4916 721940607329789328580
4917 714010005884175258182
4918 705697985074712319090
4919 697912459988681350598
4920 689755980389727447238
4921 682101948018608980722
4922 674098113494619130470
4923 666585458561631214313
4924 658720767703330835126
4925 651348813300695493542
4926 643632751381203037106
4927 636386700419179281424
4928 628818220062839222120
4929 621709244573629867177
4930 614273854719629714502
4931 607299256554050366389
4932 600007523527138980820
4933 593155259353004989788
4934 586004359021380216344
4935 579282861536860617044
4936 572260966026329132628
4937 565669511034736382940
4938 558784542681626451876
4939 552310045613417846870
4940 545560954696523245506
4941 539212965353783548738
4942 532587076303635725858
4943 526362969377981759788
4944 519869153234232368804
4945 513758411171664233830
4946 507394063520393062982
4947 501403830901196978930
4948 495158498957719036184
4949 489287887342545575213
4950 483168256370752094602
4951 477405859050880366424
4952 471410874616450622778
4953 465764676659227837926
4954 459883173819358816804
4955 454350768083238642156
4956 448590247173174572364
4957 443162474017780788888
4958 437520425227190822410
4959 432203174855819076832
4960 426670498403682248228
4961 421462876475135953905
4962 416045170513200920612
4963 410937154626923787397
4964 405633265399406018820
4965 400631586093705508342
4966 395431807925081934550
4967 390534253004450069702
4968 385444784811496790654
4969 380643306933680566487
4970 375661847143619116600
4971 370961349323383834849
4972 366079999369145176950
4973 361479490660681799244
4974 356702799542100490150
4975 352193601332074728551
4976 347520448566547023724
4977 343108184636524694446
4978 338530071616142165408
4979 334212626816303163422
4980 329734711456543511980
4981 325505120734103047497
4982 321125296425701268228
4983 316987523186114843616
4984 312698871236981713690
4985 308651945693634547563
4986 304458198892550500510
4987 300494622690122551951
4988 296394617360303969864
4989 292518977140422421542
4990 288505377799556566344
4991 284715740414068212109
4992 280792798046027528832
4993 277083082325841894323
4994 273248796330379481556
4995 269622233303370231378
4996 265870636385006955914
4997 262326284862878283812
4998 258660334507199079602
4999 255191670624292256902
5000 251610258184261624844
5001 248221042852186065154
5002 244717852279109904522
5003 241406260705990296803
5004 237984699853060416280
5005 234745501909626908803
5006 231403747540671802008
5007 228239544974650601439
5008 224972403455440315886
5009 221882227472547888945
5010 218692064546955164566
5011 215670318608932099477
5012 212556078966366904558
5013 209605758772704082397
5014 206561968141775085436
5015 203681416584136592764
5016 200710821217997744550
5017 197895554550852503418
5018 194996447173556022980
5019 192248477319425282980
5020 189416404885792089150
5021 186734809954157644398
5022 183971630468881937716
5023 181351574452685725159
5024 178656244034890904302
5025 176100128743820591309
5026 173467964816677175804
5027 170974287345448310224
5028 168407429004390593576
5029 165972310470883493059
5030 163469213326361703206
5031 161094220735482917459
5032 158651079177393505204
5033 156335296572029307820
5034 153953500784539772480
5035 151692807324338698321
5036 149371379223657367784
5037 147167670334275885024
5038 144902580129092266996
5039 142754459875225354931
5040 140547379637176712424
5041 138451541481308884812
5042 136301077626071334254
5043 134258677688760568125
5044 132161550651051038066
5045 130171732883666935123
5046 128128985638062844136
5047 126188248017084808684
5048 124198935600059773994
5049 122308716444896404665
5050 120369415123151718022
5051 118528457868160617607
5052 116640449851603225538
5053 114845914902874468526
5054 113007914657298829922
5055 111260654899011524208
5056 109469877109869168736
5057 107769093662178828923
5058 106026265206929722318
5059 104368964546751833608
5060 102673214670874604042
5061 101060487634347961756
5062 99408916312281584076
5063 97839609299433059874
5064 96233148695873940128
5065 94704856998671897031
5066 93142356626583410308
5067 91655685510629253865
5068 90134761259106072532
5069 88688945606520699712
5070 87210097371600830648
5071 85802610339212189379
5072 84365037717779989692
5073 82996662694223739708
5074 81597896265981421616
5075 80267603377438322957
5076 78908315534286676208
5077 77614074439468973258
5078 76293216474371393510
5079 75035411506191735352
5080 73750972277516035162
5081 72528901396004208674
5082 71281197710993686570
5083 70092715752984911263
5084 68880997349087640126
5085 67726660075153132301
5086 66548849721421441344
5087 65427741119547078492
5088 64284285179064347280
5089 63194678065225126808
5090 62084645354061513150
5091 61026769522938561130
5092 59948466941848592348
5093 58921664569960928216
5094 57875250068467538208
5095 56877724058590805336
5096 55862517199468406144
5097 54894640902349428671
5098 53908885732676896768
5099 52969831722740672206
5100 52013812236207642278
5101 51102131686719009969
5102 50175024228052679778
5103 49290812861181068979
5104 48391183125554939364
5105 47533845607739578860
5106 46661744377312206714
5107 45829779131575374513
5108 44984580481515296328
5109 44178205857496578568
5110 43358443300086413928
5111 42576929364972438258
5112 41782760710587313678
5113 41024883449121048606
5114 40255571308657790312
5115 39521339016457130512
5116 38775684410886499738
5117 38064560536029477630
5118 37342524052287946526
5119 36653248220632221973
5120 35954269666420308166
5121 35286952283427746519
5122 34609811136054653952
5123 33963801810958952575
5124 33308550347393043108
5125 32682828536939848574
5126 32048820769808094082
5127 31443330180835153560
5128 30829557764732174482
5129 30243809497537609605
5130 29650179003181949046
5131 29083127331329577637
5132 28509139831015064828
5133 27960806721799509967
5134 27405441664363433792
5135 26875259263143846030
5136 26338500482218162686
5137 25825620471558358181
5138 25306897111624168356
5139 24811211405703955912
5140 24309686082980501398
5141 23830760135514070645
5142 23346302815816612668
5143 22883265729850272199
5144 22415428684555723948
5145 21968245698081872032
5146 21516185392716700328
5147 21084362948499779753
5148 20648008684620990586
5149 20230837695649053994
5150 19809694840649351980
5151 19407040369034182332
5152 19000415315390957576
5153 18611888158981944286
5154 18219623865250874658
5155 17844506688351913645
5156 17466209853414471262
5157 17104429054235900690
5158 16739400277864657038
5159 16390524142502181505
5160 16038662133203364142
5161 15702105064550339438
5162 15362982986598647824
5163 15038590787524293666
5164 14711631892591962406
5165 14399063895003461734
5166 14084101819670123328
5167 13782769109754319814
5168 13479456793759602908
5169 13189257061544833665
5170 12897020845397804634
5171 12617583240846936061
5172 12336303952887771488
5173 12067142742938013390
5174 11796450675034531050
5175 11537407606009968333
5176 11276828364200518834
5177 11027606859750070668
5178 10776970342542652120
5179 10537085748435828215
5180 10296091498686931054
5181 10065428766331569024
5182 9833607992148026158
5183 9611847378627712711
5184 9389069992255665070
5185 9175813230430580921
5186 8961764374785682018
5187 8756855865459040284
5188 8551144179021889294
5189 8354325209210157776
5190 8156786920444788816
5191 7967662730858316456
5192 7778039555211425520
5193 7596488580710996250
5194 7414396659710716956
5195 7240147675445666539
5196 7065456976392841992
5197 6898184430404992220
5198 6730626377868957216
5199 6570180505001997413
5200 6409435891640319098
5201 6255595008868290820
5202 6101510592292721874
5203 5953952739445936798
5204 5806306284717460852
5205 5664912296250993229
5206 5523392840531716758
5207 5387934226543229122
5208 5252415372846554680
5209 5122625516930125617
5210 4992881751621900704
5211 4868622497465463695
5212 4744394388225502170
5213 4625475973451835806
5214 4506622322145315996
5215 4392784864251763914
5216 4279117693573250304
5217 4170248632891011470
5218 4061515895664121882
5219 3957422862823644946
5220 3853507456565018910
5221 3753974527094054235
5222 3654688411108535766
5223 3559589969566130706
5224 3464722294694786802
5225 3373898577677842146
5226 3283323393598546054
5227 3196565659810861822
5228 3110124422311796416
5229 3027328539074658848
5230 2944819124460486096
5231 2865825609122954464
5232 2787142250573352254
5233 2711776234045968838
5234 2636762662067425868
5235 2564913468539528168
5236 2493400148644834150
5237 2424934484573665607
5238 2356810534386589070
5239 2291560917655410037
5240 2226694753137023432
5241 2164568338468060748
5242 2102798843681189164
5243 2043663912565509076
5244 1984897135074574246
5245 1928613694005661658
5246 1872721668436566810
5247 1819193988092106294
5248 1766040738155483718
5249 1715158219655580685
5250 1664648652476318846
5251 1616278409148637848
5252 1568304428260017664
5253 1522365045249581858
5254 1476798589713902648
5255 1433182961998110413
5256 1389943041258862880
5257 1348539830629781479
5258 1307522297787469626
5259 1268249841256049585
5260 1229346914136967152
5261 1192114946003775947
5262 1155246522432461586
5263 1119950066651128872
5264 1085027983412849446
5265 1051597659851977466
5266 1018521366978667100
5267 986870994072840922
5268 955571757731842554
5269 925613230750271498
5270 896007644262370828
5271 867672959924469668
5272 839676319543304382
5273 812892452258087624
5274 786438229083314046
5275 761123276538151507
5276 736140792726341678
5277 712236859341458333
5278 688647662319972110
5279 666086024893657161
5280 643833272316365690
5281 622545139292715872
5282 601562843977825298
5283 581492453936282828
5284 561714551681492644
5285 542803865429314415
5286 524176367212886130
5287 506362144824058410
5288 488829009162311948
5289 472063761501988707
5290 455564644982360100
5291 439794524489775115
5292 424283356625866120
5293 409455128982191569
5294 394880308198535848
5295 380949306880528865
5296 367260080207196814
5297 354180868419691269
5298 341334162767824680
5299 329058382631978461
5300 317010591921000352
5301 305500274917600935
5302 294205562662063820
5303 283419058491619540
5304 272840784039223506
5305 262737575757240312
5306 252836137824693150
5307 243381165547785106
5308 234118041505785476
5309 225276251760753471
5310 216617881642226174
5311 208352920420004804
5312 200265963444561008
5313 192548076046988503
5314 184998164997894396
5315 177795780169660784
5316 170754503203147572
5317 164037257678104036
5318 157474710262229046
5319 151215633684084722
5320 145103121009402294
5321 139275749918762105
5322 133587699423097610
5323 128165108390447249
5324 122876474310325946
5325 117835958047419833
5326 112921474497701690
5327 108239563417055247
5328 103677686659591084
5329 99332005579821949
5330 95100654223807866
5331 91070988576676069
5332 87149189376986474
5333 83415959756551980
5334 79784662202654006
5335 76328346429325018
5336 72969187073403482
5337 69772897048919014
5338 66667645177470812
5339 63714294700297902
5340 60847070749728924
5341 58120547637791885
5342 55475414732189922
5343 52960940212880969
5344 50522883550555400
5345 48206342081590891
5346 45961569251080346
5347 43829121192039240
5348 41764482927171476
5349 39803899967174078
5350 37906566554245530
5351 36105740397869454
5352 34364335296493412
5353 32711932351279409
5354 31115239283261742
5355 29600778684100016
5356 28138333185196832
5357 26751914166969499
5358 25414011638373918
5359 24146064410163491
5360 22923565381157138
5361 21765520186951812
5362 20649635473244874
5363 19593147146266670
5364 18575973982399242
5365 17613303824222174
5366 16687188934647812
5367 15811139231622885
5368 14968995726581880
5369 14172829782827653
5370 13408059691759664
5371 12685364610714557
5372 11991816540703796
5373 11336786761779390
5374 10708620716046534
5375 10115698321371458
5376 9547623185483450
5377 9011694489199283
5378 8498660502344658
5379 8014955844297594
5380 7552328954786268
5381 7116430744413359
5382 6699890706408180
5383 6307647513527862
5384 5933202207097588
5385 5580836671825210
5386 5244748897432774
5387 4928697775475697
5388 4627563717141084
5389 4344573868379477
5390 4075194063156650
5391 3822236462418103
5392 3581699569359222
5393 3355994254288020
5394 3141589517824968
5395 2940559993592300
5396 2749808549793408
5397 2571105990505991
5398 2401716191028724
5399 2243155250146140
5400 2093039662517604
5401 1952644065884591
5402 1819868002298098
5403 1695804811031545
5404 1578623142840420
5405 1469227950196775
5406 1366024924632662
5407 1269775705072155
5408 1179088489913726
5409 1094599830863394
5410 1015094927087708
5411 941097047043127
5412 871563350338152
5413 806919039698834
5414 746249996718664
5415 689912963627225
5416 637121129255264
5417 588152032690417
5418 542330745165050
5419 499882309065918
5420 460220532479356
5421 423526667971558
5422 389295709395502
5423 357664708993527
5424 328207343768920
5425 301027263980699
5426 275752561578824
5427 252466655936398
5428 230853676170932
5429 210968593380304
5430 192544999112496
5431 175622863561226
5432 159971976953808
5433 145620970868303
5434 132374408503054
5435 120246926575556
5436 109076426108492
5437 98869339841624
5438 89484992839612
5439 80926744066076
5440 73076871262416
5441 65930789795457
5442 59391038991998
5443 53450874613193
5444 48026669543578
5445 43110855202504
5446 38633538730680
5447 34584245743487
5448 30906107458342
5449 27588212801500
5450 24581625978216
5451 21876617036604
5452 19432936601324
5453 17239682829102
5454 15264239741818
5455 13496614744178
5456 11909139977808
5457 10493040118050
5458 9225641124176
5459 8098299576005
5460 7092986709828
5461 6201978028856
5462 5410017876592
5463 4710674184347
5464 4091674204920
5465 3546938525170
5466 3066792660090
5467 2646069565241
5468 2276732944916
5469 1954536399338
5470 1673074415366
5471 1428563290678
5472 1216067627094
5473 1032436366171
5474 873616850292
5475 737116708742
5476 619780141974
5477 519459286625
5478 433759342710
5479 360965540929
5480 299162422878
5481 247026134661
5482 203093574380
5483 166279178172
5484 135506597546
5485 109934975496
5486 88725562282
5487 71257103416
5488 56910624256
5489 45198670990
5490 35679203158
5491 27993712483
5492 21812574264
5493 16881729321
5494 12967592846
5495 9883200569
5496 7469907830
5497 5597187518
5498 4153381174
5499 3051937436
5500 2218544958
5501 1594001805
5502 1131247766
5503 792302977
5504 546751962
5505 371521430
5506 248179660
5507 162649588
5508 104455894
5509 65591963
5510 40135086
5511 23894754
5512 13789036
5513 7668585
5514 4097396
5515 2090185
5516 1005860
5517 454046
5518 189814
5519 71606
5520 23990
5521 6932
5522 1586
5523 253
5524 24
5525 1
