165 1
166 8
167 21
168 34
169 72
170 102
171 130
172 190
173 260
174 284
175 398
176 454
177 555
178 616
179 756
180 744
181 1022
182 1042
183 1159
184 1282
185 1555
186 1392
187 1719
188 1758
189 2009
190 2032
191 2282
192 2214
193 2676
194 2590
195 2878
196 2928
197 3397
198 3138
199 3647
200 3568
201 3921
202 3866
203 4311
204 4050
205 4852
206 4492
207 4816
208 4784
209 5505
210 4954
211 5638
212 5304
213 5890
214 5486
215 6188
216 5502
217 6436
218 5822
219 6233
220 6024
221 6697
222 5720
223 6672
224 6020
225 6688
226 6020
227 6672
228 5720
229 6697
230 6024
231 6233
232 5822
233 6436
234 5502
235 6188
236 5486
237 5890
238 5304
239 5638
240 4954
241 5505
242 4784
243 4816
244 4492
245 4852
246 4050
247 4311
248 3866
249 3921
250 3568
251 3647
252 3138
253 3397
254 2928
255 2878
256 2590
257 2676
258 2214
259 2282
260 2032
261 2009
262 1758
263 1719
264 1392
265 1555
266 1282
267 1159
268 1042
269 1022
270 744
271 756
272 616
273 555
274 454
275 398
276 284
277 260
278 190
279 130
280 102
281 72
282 34
283 21
284 8
285 1
