680 1
681 14
682 78
683 246
684 607
685 1398
686 2723
687 4778
688 8249
689 13116
690 19925
691 29744
692 42977
693 59494
694 82394
695 110038
696 144988
697 188338
698 241827
699 303424
700 383424
701 472472
702 578006
703 703844
704 851648
705 1010232
706 1209450
707 1423616
708 1672638
709 1948968
710 2270978
711 2605684
712 3021630
713 3440504
714 3931304
715 4458672
716 5075461
717 5675284
718 6426995
719 7165964
720 8036349
721 8914408
722 9962103
723 10955498
724 12213818
725 13374904
726 14782820
727 16160026
728 17829199
729 19328362
730 21255960
731 23012680
732 25165370
733 27156104
734 29620688
735 31791190
736 34644351
737 37086304
738 40166496
739 42954596
740 46470939
741 49423256
742 53357428
743 56696414
744 60980460
745 64632006
746 69395071
747 73329050
748 78653930
749 82935378
750 88586235
751 93363616
752 99685403
753 104635768
754 111515217
755 116974276
756 124425214
757 130284666
758 138328420
759 144583466
760 153390644
761 160051970
762 169396667
763 176626760
764 186854457
765 194316512
766 205262725
767 213380408
768 225159341
769 233639864
770 246107869
771 255271718
772 268795401
773 278227458
774 292535146
775 302629396
776 318072065
777 328557272
778 344727709
779 355956562
780 373398179
781 384885612
782 403210562
783 415622824
784 435161655
785 447652676
786 468425726
787 481703380
788 503678298
789 517550828
790 540225670
791 554885368
792 579618738
793 594150034
794 619660115
795 635544616
796 662512419
797 678357768
798 706929737
799 723397128
800 753272921
801 770668216
802 801318839
803 819270010
804 852679809
805 869971540
806 904129039
807 923710534
808 959146548
809 977983620
810 1015733723
811 1035167042
812 1074357293
813 1094896006
814 1134506034
815 1155283444
816 1198843691
817 1218536240
818 1262164158
819 1284902046
820 1329685208
821 1351189690
822 1399328856
823 1420675522
824 1470119887
825 1492937788
826 1542396790
827 1565421300
828 1619799389
829 1640729582
830 1694461356
831 1719650638
832 1774614738
833 1797158122
834 1856311266
835 1878180378
836 1938469061
837 1962938958
838 2022139752
839 2045968196
840 2111358815
841 2132040756
842 2196584624
843 2222493548
844 2287428235
845 2309480198
846 2380088834
847 2401110522
848 2471798762
849 2496002546
850 2564518188
851 2587603222
852 2664604978
853 2682692304
854 2757384075
855 2782008170
856 2857045326
857 2876898986
858 2957939999
859 2975776954
860 3056145115
861 3078496002
862 3156159871
863 3175928724
864 3263525385
865 3276477908
866 3360962613
867 3382751912
868 3465833975
869 3481027850
870 3571749127
871 3584194978
872 3673999368
873 3691289922
874 3776640628
875 3790212494
876 3887582735
877 3893712272
878 3985719650
879 4001970014
880 4091800490
881 4100049906
882 4199450612
883 4203209244
884 4300414700
885 4309954112
886 4401608453
887 4407365050
888 4512145601
889 4508069904
890 4605646320
891 4614221808
892 4709677147
893 4707664058
894 4813372529
895 4805490064
896 4908592591
897 4908603480
898 5003679733
899 4998400272
900 5107975635
901 5092349102
902 5194265531
903 5191369394
904 5289507506
905 5274566644
906 5384678058
907 5364098636
908 5469291271
909 5457357380
910 5552940649
911 5535155390
912 5648077592
913 5617102862
914 5720161421
915 5703803962
916 5802598697
917 5774153012
918 5884320975
919 5849017536
920 5953542186
921 5928097702
922 6022508658
923 5989707406
924 6101899315
925 6054659148
926 6156493730
927 6126608764
928 6221940927
929 6178217062
930 6285232986
931 6234671836
932 6336190338
933 6295878162
934 6385551002
935 6336755374
936 6445998622
937 6383574762
938 6479377408
939 6434506552
940 6523050060
941 6465019476
942 6566986368
943 6500314872
944 6595476897
945 6539582206
946 6622153512
947 6559510856
948 6660313955
949 6583022892
950 6669719910
951 6611763532
952 6691930320
953 6618812738
954 6711815053
955 6630235054
956 6716291184
957 6647688784
958 6719002762
959 6642826900
960 6732621476
961 6642826900
962 6719002762
963 6647688784
964 6716291184
965 6630235054
966 6711815053
967 6618812738
968 6691930320
969 6611763532
970 6669719910
971 6583022892
972 6660313955
973 6559510856
974 6622153512
975 6539582206
976 6595476897
977 6500314872
978 6566986368
979 6465019476
980 6523050060
981 6434506552
982 6479377408
983 6383574762
984 6445998622
985 6336755374
986 6385551002
987 6295878162
988 6336190338
989 6234671836
990 6285232986
991 6178217062
992 6221940927
993 6126608764
994 6156493730
995 6054659148
996 6101899315
997 5989707406
998 6022508658
999 5928097702
1000 5953542186
1001 5849017536
1002 5884320975
1003 5774153012
1004 5802598697
1005 5703803962
1006 5720161421
1007 5617102862
1008 5648077592
1009 5535155390
1010 5552940649
1011 5457357380
1012 5469291271
1013 5364098636
1014 5384678058
1015 5274566644
1016 5289507506
1017 5191369394
1018 5194265531
1019 5092349102
1020 5107975635
1021 4998400272
1022 5003679733
1023 4908603480
1024 4908592591
1025 4805490064
1026 4813372529
1027 4707664058
1028 4709677147
1029 4614221808
1030 4605646320
1031 4508069904
1032 4512145601
1033 4407365050
1034 4401608453
1035 4309954112
1036 4300414700
1037 4203209244
1038 4199450612
1039 4100049906
1040 4091800490
1041 4001970014
1042 3985719650
1043 3893712272
1044 3887582735
1045 3790212494
1046 3776640628
1047 3691289922
1048 3673999368
1049 3584194978
1050 3571749127
1051 3481027850
1052 3465833975
1053 3382751912
1054 3360962613
1055 3276477908
1056 3263525385
1057 3175928724
1058 3156159871
1059 3078496002
1060 3056145115
1061 2975776954
1062 2957939999
1063 2876898986
1064 2857045326
1065 2782008170
1066 2757384075
1067 2682692304
1068 2664604978
1069 2587603222
1070 2564518188
1071 2496002546
1072 2471798762
1073 2401110522
1074 2380088834
1075 2309480198
1076 2287428235
1077 2222493548
1078 2196584624
1079 2132040756
1080 2111358815
1081 2045968196
1082 2022139752
1083 1962938958
1084 1938469061
1085 1878180378
1086 1856311266
1087 1797158122
1088 1774614738
1089 1719650638
1090 1694461356
1091 1640729582
1092 1619799389
1093 1565421300
1094 1542396790
1095 1492937788
1096 1470119887
1097 1420675522
1098 1399328856
1099 1351189690
1100 1329685208
1101 1284902046
1102 1262164158
1103 1218536240
1104 1198843691
1105 1155283444
1106 1134506034
1107 1094896006
1108 1074357293
1109 1035167042
1110 1015733723
1111 977983620
1112 959146548
1113 923710534
1114 904129039
1115 869971540
1116 852679809
1117 819270010
1118 801318839
1119 770668216
1120 753272921
1121 723397128
1122 706929737
1123 678357768
1124 662512419
1125 635544616
1126 619660115
1127 594150034
1128 579618738
1129 554885368
1130 540225670
1131 517550828
1132 503678298
1133 481703380
1134 468425726
1135 447652676
1136 435161655
1137 415622824
1138 403210562
1139 384885612
1140 373398179
1141 355956562
1142 344727709
1143 328557272
1144 318072065
1145 302629396
1146 292535146
1147 278227458
1148 268795401
1149 255271718
1150 246107869
1151 233639864
1152 225159341
1153 213380408
1154 205262725
1155 194316512
1156 186854457
1157 176626760
1158 169396667
1159 160051970
1160 153390644
1161 144583466
1162 138328420
1163 130284666
1164 124425214
1165 116974276
1166 111515217
1167 104635768
1168 99685403
1169 93363616
1170 88586235
1171 82935378
1172 78653930
1173 73329050
1174 69395071
1175 64632006
1176 60980460
1177 56696414
1178 53357428
1179 49423256
1180 46470939
1181 42954596
1182 40166496
1183 37086304
1184 34644351
1185 31791190
1186 29620688
1187 27156104
1188 25165370
1189 23012680
1190 21255960
1191 19328362
1192 17829199
1193 16160026
1194 14782820
1195 13374904
1196 12213818
1197 10955498
1198 9962103
1199 8914408
1200 8036349
1201 7165964
1202 6426995
1203 5675284
1204 5075461
1205 4458672
1206 3931304
1207 3440504
1208 3021630
1209 2605684
1210 2270978
1211 1948968
1212 1672638
1213 1423616
1214 1209450
1215 1010232
1216 851648
1217 703844
1218 578006
1219 472472
1220 383424
1221 303424
1222 241827
1223 188338
1224 144988
1225 110038
1226 82394
1227 59494
1228 42977
1229 29744
1230 19925
1231 13116
1232 8249
1233 4778
1234 2723
1235 1398
1236 607
1237 246
1238 78
1239 14
1240 1
