220 1
221 9
222 28
223 51
224 107
225 177
226 234
227 360
228 498
229 619
230 819
231 1040
232 1252
233 1528
234 1824
235 2010
236 2533
237 2837
238 3180
239 3676
240 4305
241 4493
242 5130
243 5672
244 6156
245 6909
246 7424
247 7830
248 8773
249 9392
250 9892
251 10678
252 11647
253 12141
254 13026
255 13918
256 14519
257 15611
258 16278
259 16780
260 18686
261 19280
262 19586
263 20795
264 22385
265 22896
266 23948
267 24970
268 26012
269 27096
270 28467
271 28427
272 30540
273 31272
274 31774
275 33264
276 34748
277 34499
278 36299
279 36596
280 38456
281 38926
282 39984
283 39386
284 42068
285 42848
286 42424
287 42925
288 45044
289 44584
290 46040
291 45496
292 46890
293 47036
294 47341
295 47646
296 48887
297 48840
298 48044
299 48540
300 50066
301 48970
302 49062
303 49062
304 48970
305 50066
306 48540
307 48044
308 48840
309 48887
310 47646
311 47341
312 47036
313 46890
314 45496
315 46040
316 44584
317 45044
318 42925
319 42424
320 42848
321 42068
322 39386
323 39984
324 38926
325 38456
326 36596
327 36299
328 34499
329 34748
330 33264
331 31774
332 31272
333 30540
334 28427
335 28467
336 27096
337 26012
338 24970
339 23948
340 22896
341 22385
342 20795
343 19586
344 19280
345 18686
346 16780
347 16278
348 15611
349 14519
350 13918
351 13026
352 12141
353 11647
354 10678
355 9892
356 9392
357 8773
358 7830
359 7424
360 6909
361 6156
362 5672
363 5130
364 4493
365 4305
366 3676
367 3180
368 2837
369 2533
370 2010
371 1824
372 1528
373 1252
374 1040
375 819
376 619
377 498
378 360
379 234
380 177
381 107
382 51
383 28
384 9
385 1
