364 1
365 11
366 45
367 104
368 224
369 447
370 691
371 1106
372 1685
373 2364
374 3204
375 4515
376 5696
377 7489
378 9349
379 11674
380 13990
381 17637
382 20224
383 24754
384 29017
385 33942
386 38126
387 45884
388 50335
389 58769
390 65357
391 74938
392 81377
393 94494
394 100563
395 115222
396 124120
397 139785
398 147928
399 168875
400 176242
401 197443
402 208076
403 230894
404 241008
405 270313
406 277189
407 307769
408 320330
409 351886
410 361038
411 400464
412 408638
413 449017
414 461014
415 503127
416 512780
417 563815
418 569548
419 623258
420 634516
421 688442
422 695523
423 760903
424 765072
425 832427
426 838450
427 908396
428 912804
429 993883
430 992831
431 1073538
432 1078809
433 1163135
434 1162148
435 1259822
436 1252655
437 1351968
438 1347572
439 1452294
440 1445058
441 1556327
442 1540961
443 1657338
444 1646459
445 1766307
446 1745370
447 1876868
448 1851978
449 1988308
450 1960781
451 2097330
452 2067296
453 2215579
454 2177879
455 2328850
456 2287815
457 2442657
458 2395528
459 2561776
460 2508162
461 2671633
462 2614400
463 2786853
464 2724111
465 2903732
466 2827376
467 3010422
468 2933732
469 3119473
470 3037478
471 3223085
472 3135126
473 3323377
474 3235030
475 3430056
476 3323582
477 3523672
478 3411922
479 3617531
480 3501633
481 3703255
482 3579168
483 3784866
484 3661664
485 3867119
486 3727644
487 3931625
488 3796200
489 4005139
490 3857556
491 4061582
492 3907440
493 4113107
494 3962844
495 4167834
496 3998147
497 4200614
498 4032778
499 4239762
500 4065521
501 4259186
502 4085197
503 4278553
504 4100572
505 4294448
506 4103817
507 4298664
508 4103817
509 4294448
510 4100572
511 4278553
512 4085197
513 4259186
514 4065521
515 4239762
516 4032778
517 4200614
518 3998147
519 4167834
520 3962844
521 4113107
522 3907440
523 4061582
524 3857556
525 4005139
526 3796200
527 3931625
528 3727644
529 3867119
530 3661664
531 3784866
532 3579168
533 3703255
534 3501633
535 3617531
536 3411922
537 3523672
538 3323582
539 3430056
540 3235030
541 3323377
542 3135126
543 3223085
544 3037478
545 3119473
546 2933732
547 3010422
548 2827376
549 2903732
550 2724111
551 2786853
552 2614400
553 2671633
554 2508162
555 2561776
556 2395528
557 2442657
558 2287815
559 2328850
560 2177879
561 2215579
562 2067296
563 2097330
564 1960781
565 1988308
566 1851978
567 1876868
568 1745370
569 1766307
570 1646459
571 1657338
572 1540961
573 1556327
574 1445058
575 1452294
576 1347572
577 1351968
578 1252655
579 1259822
580 1162148
581 1163135
582 1078809
583 1073538
584 992831
585 993883
586 912804
587 908396
588 838450
589 832427
590 765072
591 760903
592 695523
593 688442
594 634516
595 623258
596 569548
597 563815
598 512780
599 503127
600 461014
601 449017
602 408638
603 400464
604 361038
605 351886
606 320330
607 307769
608 277189
609 270313
610 241008
611 230894
612 208076
613 197443
614 176242
615 168875
616 147928
617 139785
618 124120
619 115222
620 100563
621 94494
622 81377
623 74938
624 65357
625 58769
626 50335
627 45884
628 38126
629 33942
630 29017
631 24754
632 20224
633 17637
634 13990
635 11674
636 9349
637 7489
638 5696
639 4515
640 3204
641 2364
642 1685
643 1106
644 691
645 447
646 224
647 104
648 45
649 11
650 1
